"{0.9639867477715545, 0.20289030005669006, 0.04116447385709373, 1520573/64932, Sqrt[95176653323/1054024923]/2, 95176653323/4216099692, 19225768051024561688901/9058595337766526942329, 4728651221660686/(95176653323*Sqrt[95176653323]), {1520573/64932, 37074461/64932, 937980185/64932, 24526089317/64932, 660085498193/64932, 2602244233643/9276, 513690524211065/64932, 14761301749281077/64932, 431204310827820833/64932, 12779803008759254141/64932}, {0, 95176653323/4216164624, 2364325610830343/136882000682784, 6408589350341520562967/5925348045556353792, 754040885086754146797710315/288558524470548873316608, 5451756035006483934949858111152943/74946728443686717768775962624, 256140325825037650439218298274453117071/811073495217577659693693467516928, 269503132230447317204858907204930724323711023/45141106449829502227912203628122144768, 93584074774557179292533976278189431348707935664755/2564714533500288083829945805233573716066304, 82675307772422922638927052341583928587785525731159957307/148028483634880627430440925355934585361437556736}}","{34.09796969719155, 0.1487228437183208, 0.022118484243664076, 100099507/64932, Sqrt[221621837058347/1054024923]/2, 221621837058347/4216099692, 95960779679032815071806262277/49116238661116507650282372409, -9598875767456508110/(13036578650491*Sqrt[221621837058347]), {100099507/64932, 157727055053/64932, 253637560638115/64932, 415514940964732277/64932, 692164560915689307667/64932, 1170207163351393358789093/64932, 2004292060179280366150741075/64932, 3471970896998109849576956404277/64932, 6073675570211108485019006568245587/64932, 10715391580555738011201569904003011333/64932}, {0, 221621837058347/4216164624, -81590444023380318935/136882000682784, 31986926559677605023935420759/5925348045556353792, -105804261237485315680647550904640155/288558524470548873316608, 54585452624245367848896885915186221234877967/74946728443686717768775962624, -91802177569662043114642263823957014528193040099615/811073495217577659693693467516928, 5263272193322904188524848685928322183747748415821900788911/45141106449829502227912203628122144768, -73419887777283032068530413804691028606683014884892308645831999715/2564714533500288083829945805233573716066304, 3095095734284007146897209248515686888695132190659749378715274121160180443/148028483634880627430440925355934585361437556736}}"
"{1.567629013785235, 0.25048218858233007, 0.06274132679699396, 1719933/68837, 96*Sqrt[5034635/1184615933], 46399196160/1184615933, 1480543290797498584189/574102774478442332160, -299802511724327/(1979699036160*Sqrt[5034635]), {1719933/68837, 45669717/68837, 1274677119/68837, 37085038473/68837, 1117511538903/68837, 34703245413897/68837, 1106001996750999/68837, 36048955648681593/68837, 1198064701687836663/68837, 40494661229894004777/68837}, {0, 185596784640/4738532569, -5396445211037886/326186366452253, 88832597447849915051340/22453690907473739761, -5661018620773921451734148070/1545644720997769823927957, 56740553691196108813853609150311260/106397545659323481369728776009, -4946481856564843157467653832856711101926/7324087850550850487048019754131533, 41310691973028457584082473456706675634651977020/504168235368368894976924535815152337121, -4283393428225546755309007205847811347561262501836870/34705428818052409623526554271907641430398277, 32282793547404742449672262055228678636512112648763664300380/2389017603548273721254697416415306313144326193849}}","{47.75097829922916, 0.16942917002616417, 0.02870624365575485, 6026626/3623, Sqrt[9904718675791/124696414], 9904718675791/124696414, 400037638333972488806160079/196206904093126041138951362, (-1580449647727650267*Sqrt[19/19809437351582])/9904718675791, {6026626/3623, 195940832262/68837, 343884376020214/68837, 617100718158693846/68837, 59418864367722861706/3623, 2099973454668305787955422/68837, 3962236798326666490830619174/68837, 7568008969671364006968965470086/68837, 14608326609742448986344794132807374/68837, 28456678415247185423667670984609459182/68837}, {0, 19809437351582/249396451, -3160899295455300534/903563341973, 2216275004620346198372078/172295262524641, -18624919738327658476753135073910/11860288986408712517, 120185359200633025302193567962166901282/42969826997758765449091, -88982183676926398145548675965556229005737774/155679683212880007222056693, 403740295038461983738584857042445551323375177467722/564027492280264266165511398739, -406981737255429002649039648086548490405441696493344160390/2043471604531397436317647797631397, 1492773157498127495891035497550814735549423122303385742683610482/7403497623217252911778837970818551331}}"
"{1.1806711134914631, 0.22016940845165053, 0.048474568417949726, 576348/23663, 5*Sqrt[966114643/839894522], 24152866075/839894522, 105211603615771435701/46668875170950872450, (51054491194398*Sqrt[6/966114643])/24152866075, {576348/23663, 44154874/70989, 392241648/23663, 32559622594/70989, 310203380368/23663, 27343022466514/70989, 274106796762368/23663, 25219473960372994/70989, 262093631062235568/23663, 24857268046380965554/70989}, {0, 48305732150/1679812707, 340363274629320/13249802695247, 1753526726929523928350/940590243532889283, 20899036050624400089712280/7419062310906253034543, 85055399687111260781068193350190/526671814388923996669173027, 1250434670164295774041916288848489240/4154211714628369511060880445967, 4838934421803462850074022324509785476791710/294903335409753323220700841978751363, 77895183655198336483629117568022775506819424600/2326099208600330962457148007914397834223, 304696587788681000845516510082798159167884179736834830/165127456719328894693870479933835187853656547}}","{51.90566161453113, 0.17706670049546014, 0.031352616424348986, 39175157/23663, Sqrt[36086970624823/419947261], 36086970624823/419947261, 4633895603333912888996697255/2604538897753676206047562658, (108685371689941624731*Sqrt[3/36086970624823])/144347882499292, {39175157/23663, 200668835753/70989, 117600868099339/23663, 637099627602998261/70989, 392696910366715592507/23663, 2223397789737195674740253/70989, 1422983786435682161224955379/23663, 8313931745042565079627559811701/70989, 5460501549556787620686135762208267/23663, 32585463788588315248175446149397781453/70989}, {0, 144347882499292/1679812707, 72456914459961083154/13249802695247, 12357054942223767703991192680/940590243532889283, 6730982683891995749305465879166690/7419062310906253034543, 1335570021997390742198555858115249146352592/526671814388923996669173027, 360758579266009107573662713966974116086921763674/4154211714628369511060880445967, 164680592959934383713490104460113964674474123228200465320/294903335409753323220700841978751363, -23009591369635471416095420985570216890436109846145959198334670/2326099208600330962457148007914397834223, 22108239878445070515369036544953985316004347420742596327339858765281792/165127456719328894693870479933835187853656547}}"
"{0.7297811512045398, 0.1699010014644226, 0.028866350298613733, 18329/725, (16*Sqrt[1875118/1040723])/5, 480030208/26018075, 371125006674975729/115214500296261632, (337008108501*Sqrt[11/937559])/1920120832, {18329/725, 47199079/71775, 421211201/23925, 3165778901/6525, 329176317737/23925, 2617664472989/6525, 287389373592161/23925, 26464891337502391/71775, 277042451135408537/23925, 26645918452536573679/71775}, {0, 960060416/52036875, 599125526224/12575578125, 29989899529290968/27351882421875, 14717141581294550056/2203346083984375, 291935084183236970100496/2875366639599609375, 3064270732511808992929278032/3474401356182861328125, 88824285973803452995617748724552/7556822949697723388671875, 221884013455490030954638712216415016/1826232212843616485595703125, 6169978390819990075575660726554076358784/3972055062934865856170654296875}}","{11.22791794135786, 0.08156954011199671, 0.006653589874082641, 121120151/71775, Sqrt[48803704428862/11447953]/15, 48803704428862/2575789425, 8360891866506794583172940493/2381801565979724393618615044, 51404153132649747494/(24401852214431*Sqrt[24401852214431]), {121120151/71775, 22861098939/7975, 70374397331911/14355, 13464341571205839/1595, 1050573078797557060811/71775, 203833263465726771329219/7975, 4450170590264600827821751/99, 127010970091104596513034067679/1595, 10199079891594146600789315009626811/71775, 2037076232813372617709375569736571699/7975}, {0, 97607408857724/5151650625, 411233225061197979952/369759723609375, 11147855822009059444230587324/8846501387354296875, 318056446218002705860410743777891504/1904872911232063974609375, 3363650447848717529208530733383003366891924/27344450640736278355517578125, 82075088800139853060068159194400431601197803511552/3271079907898077298278790283203125, 10095275370372243429199081258968962620751873315179535775668/704345281168153494251880517730712890625, 188629636360398230143569264140729000398377104128628888686702459408/50554382555844217049928724160121917724609375, 736095749372403867046654532296327589573172521990749350766612720941601124/403171200882857630973181575176972293853759765625}}"
"{1.0105961600814375, 0.19749296769106872, 0.03900347228742551, 866237/33432, Sqrt[29266462847/279420477]/2, 29266462847/1117681908, 2461960787927151752637/856525847574831345409, 2059000305030034/(29266462847*Sqrt[29266462847]), {866237/33432, 7773321/11144, 162859049/8358, 897674621/1592, 70495326169/4179, 5800918107571/11144, 69069989011402/4179, 6002390850049107/11144, 75102040234151509/4179, 975037103258570453/1592}, {0, 29266462847/1117698624, 1029500152515017/18683450198784, 820653595975717250879/416416738030497792, 112959288543178581151821545/10441233289376701636608, 328035755237706219529677156846907/1396285245321767556460314624, 16231858682336887897276265917266207689/7780101386932888824596873084928, 8184265322932373054252593444062636903618431/222946585343948862157647995121696768, 2754533588979186083850881430130471777550227005545/6521856461066536064697676801294995554304, 1316072236468017018068610489061880037219280711612971263/193812182405667941079975760729683814552436736}}","{28.69760752848817, 0.13168526827088672, 0.017341009879575407, 36884373/22288, Sqrt[70774034862661/93140159]/4, 70774034862661/1490242544, 10302544912748889147196341045/5008964010741154633132000921, (-72731166881913890946*Sqrt[3/70774034862661])/70774034862661, {36884373/22288, 186295089271/66864, 106221015425577/22288, 553027770791486335/66864, 324127096974898109153/22288, 1729859875801891603010071/66864, 1036563531771630005780600377/22288, 5642207613329055941326855919215/66864, 3440563412283095573850125351680593/22288, 19020303449634431721658111056945387271/66864}, {0, 70774034862661/1490264832, -12121861146985648491/5535837095936, 3434181637582963049065447015/740296423165329408, -785868022162092437453639872701155/1374977223292405153792, 218224619857427531245674873723681961457641/367745908232893512812593152, -166046996819346468428600417832776895550720924241/1366053467115788435594512695296, 2292702909599574814497788357140605030382229908297179805/26097085435780022273597570530934784, -4097956512344490214133325010445384557560681472500573957376275/169648453389527331459899940164763385856, 1292436008059916517399333349134127358829119585965076694361745876222221/90746993499498843925877996793413912255004672}}"
"{1.4722981595503966, 0.24510768975923514, 0.06007777957910946, 1689603/68945, Sqrt[42876263039/297084005]/2, 42876263039/1188336020, 21371731812189720740573/7353495728758070062084, 4459501739291868/(42876263039*Sqrt[42876263039]), {1689603/68945, 43893877/68945, 241023051/13789, 6965541593/13789, 1054587726423/68945, 33291031089757/68945, 218001100498731/13789, 7366100351403833/13789, 1278275765041192023/68945, 45377687779278454237/68945}, {0, 171505052156/4753413025, 35676013914334944/327724061008625, 85486927248758882962292/22594935386239650625, 45629469165052940901742302672/1557807820204292712340625, 13068292587154039474755766908776116/21480612032796992210464878125, 51681935255246484623890668619366787200752/7404903983005943139752505111640625, 61985703637519921677568174844658065402614485428/510531105108344749770236464922062890625, 58411064963139273210490936862694866636876833444655184/35198567041694828772908953074051625994140625, 65878132713934955957272654594540483052840337952653529456484/2426765204689649969748207769690489354166025390625}}","{54.3160751614321, 0.18396330572285347, 0.03384249785248005, 22130883/13789, (3*Sqrt[2302083641481/59416801])/2, 20718752773329/237667204, 492563087154692373639517240/143088905494109376284580747, (100287881378320021*Sqrt[65/177083357037])/2125000284444, {22130883/13789, 183606854949/68945, 315579783152781/68945, 562469645580465633/68945, 207883082348332615065/13789, 1988393787668665066311849/68945, 3926558995408534295403303141/68945, 7974531459186669282982400636193/68945, 3317577215520571973436247596401481/13789, 35196026789926821189920437074841034649/68945}, {0, 82875011093316/950682605, 305075735152849503882/13108962440345, 4728605636685046786939365504/180759483089917205, 6520892533493893430373682855652010/498498502465373667949, 367112936573934626103869906345651379460896/34368979252475187536743805, 3108056839380469165146846012492185780212582512642/473913854912380360944160327145, 31854861522849097641709158225075568751097528807000238224/6534798145386812797059026751002405, 58418291427809585970633208595123985738071060723028022686461226/18021666325347752331729383973914432509, 2901103360156963919191446664721776074362693998848919963084999262371776/1242503784801100784511082378081530549333005}}"
"{0.9107921856239874, 0.19120784508263836, 0.03656044002114623, 900941/36165, Sqrt[59351009158/2615778285], 59351009158/2615778285, 2849969329033979067927/880635572018249967241, 3666010211410462/(29675504579*Sqrt[29675504579]), {900941/36165, 23264764/36165, 623257256/36165, 17324023498/36165, 499174266476/36165, 14881026844474/36165, 457687991670356/36165, 14474484372064498/36165, 469020058635446156/36165, 15518135714908401034/36165}, {0, 29675504579/1307907225, 3666010211410462/47300464792125, 949989776344659689309/570207103069066875, 705936590809891831243582454/61864619647478410603125, 83347001701201011292026093257939/447466793910211343892403125, 45375397253795964812265131936305029442/26971061002937988753114598359375, 74736290638814003311839382382086652383601783/2926225263513757089769168349000390625, 28494097168648325716642824671952361757949788290678/105826936654975025151501973341599126953125, 1696361800982389707004647244216485968835226604348789399/425247907125241309400452096210992491806640625}}","{15.891543965378279, 0.09793742304731792, 0.00959173883314932, 7989065/4822, 7*Sqrt[187403815627/348770438], 9182786965723/348770438, 235587782098498442744825385/84323576457852221176912729, (2996594998466836020*Sqrt[15/187403815627])/64279508760061, {7989065/4822, 200447984359/72330, 22569354454663/4822, 577354682958354883/72330, 66284934856628107623/4822, 1728956037236912512046299/72330, 202368348424433170642316255/4822, 5380056626530793528311218700003/72330, 641588403378785489142483333983479/4822, 17369865792601096682945259007664402539/72330}, {0, 9182786965723/348775260, 49943249974447267/28029905062, 15705852139899896182988359/8109612132537840, 98983600181254240340122248871/325871247525812204, 37805068227701511957596040611408457043/188562138668335973722560, 678423499621188719620766670028992439426881/15154110544311934421503072, 105162799723318137216739550093895238977526874704639/4384387262680328866829268791040, 573119667726534115989136355008224020967671337166715503/88089647419352274149378058793312, 316012166052952317101317165591841591053132235731230102629567563/101944387165467999827592239880324111360}}"
"{1.1012568659490543, 0.2101989153535372, 0.0441835840158035, 1772461/71113, Sqrt[17350748845/632123457], 17350748845/632123457, 11161113623338335819773/4816775767716301344400, -838275177075393/(138805990760*Sqrt[34701497690]), {1772461/71113, 46129737/71113, 1246733275/71113, 4973059971/10159, 999491076211/71113, 29384476023237/71113, 881356355193235/71113, 26886472085370117/71113, 832042524395399251/71113, 3723666989993401491/10159}, {0, 138805990760/5057058769, -1676550354150786/359622620239897, 44644454493353343279092/25573843393119795361, -5191203652123181723321228730/1818632725214928007506793, 20891663284147550649619596303191300/129328428988209175397830570609, -5860179816871646185377052924762136500746/9196932570638519090065925367717817, 1767549159551311070354640733079148058344665276/93431637985116715435979735810645302903, -5529875649712574902522009194757945157872061983392570/46509428504249234893591788668916935977387273, 8507430898242001944081332709036609780086450579286651300740/3307424989222675840987992867612690068159941144849}}","{29.846907375867595, 0.13564878967218869, 0.018400594139529682, 115349706/71113, Sqrt[20402222377573/421415638], 20402222377573/421415638, 1762828131596267561675523983/832501355887880953946740658, (10700112412670639633*Sqrt[3/20402222377573])/81608889510292, {115349706/71113, 190547176224/71113, 320286266892162/71113, 547237275494226552/71113, 949305072495208434666/71113, 1669864308946980184033584/71113, 2974662696250076058158613762/71113, 5359386186978649152913418898792/71113, 9753786117044011873771545428675226/71113, 17910397230893854523597508341526248544/71113}, {0, 244826668530876/5057058769, 192602023428071513394/359622620239897, 126923625474931264440637726776/25573843393119795361, -286679679034820875117190795769024630/1818632725214928007506793, 84873095815392269273581688690572038476192376/129328428988209175397830570609, -621969163940339343807162319549524208342677560948886/9196932570638519090065925367717817, 9320484290792228986068889863513929084304354793475578771128/93431637985116715435979735810645302903, -833512703170012538004019760185040305930274327175238326283013139990/46509428504249234893591788668916935977387273, 55227743536187066773706756988290221077890356748215260232654869235629980376/3307424989222675840987992867612690068159941144849}}"
"{1.6427286012880415, 0.24080518670001652, 0.05798713794162982, 52409/1850, Sqrt[3503973118/3011763]/5, 3503973118/75294075, 8151737757965221057/3069456902916660481, (998374247388*Sqrt[11/1751986559])/1751986559, {52409/1850, 17278769/20350, 14687617/550, 17817172319/20350, 605526878959/20350, 21226775703149/20350, 764098871155669/20350, 28131116510690939/20350, 1055501654283144859/20350, 40238327051002705529/20350}, {0, 1751986559/37647500, 249593561847/17411968750, 741067068905929187/128848568750000, -14815226911268264043/29796231523437500, 81170911629930613841727499/88196845309375000000, -150335549804402263203189399399/203955204777929687500000, 251809855373527762327571048432265083/1509268515356679687500000000, -44443611643860960380531460936563661423/174509172088116088867187500000, 169622585877653247857743130519638439641509551/5165471493808236230468750000000000}}","{66.6595933782436, 0.1883738486823012, 0.03548470686738251, 30582701/16280, Sqrt[11062831799557/22086262]/2, 11062831799557/88345048, 275128581171872955541316981/122386247425289571025396249, (336328799229049554*Sqrt[3/11062831799557])/11062831799557, {30582701/16280, 297447818137/81400, 119424421687553/16280, 112074808795830227/7400, 47433035782675705459/1480, 512733436825155294104627/7400, 2484002091721663874132178353/16280, 27783290948382042896726552238577/81400, 12596924984141711263366007935300529/16280, 144403521061011489239926716875645111857/81400}, {0, 33188495398671/265038400, 1513479596530722993/2157412576000, 2476157230546856599871852829/70245353474560000, -540400695720686118205770510767679/285898588641459200000, 9199226370455142716393436688288039786083/744708643693272924160000, -260055098635519994467087046318086321910651455053/151548208991581040066560000000, 23768718064859811181915884322264077524596096181891146809/4934409684765878664567193600000000, -11192820805466558466550592521987506004421605782142584386086623/10041523708498563082394238976000000000, 2642706872528080600929507579060673365822277684215361445238056555868231/1307808047794852855851025684234240000000000}}"
"{1.0521014170296923, 0.19737673975662579, 0.03895757739695478, 25575/947, 24*Sqrt[3362082/68156537], 1936559232/68156537, 241844954305992089/78130451230092288, (334324664833*Sqrt[19/3362082])/1291039488, {25575/947, 13634289/17993, 795005883/35986, 12034572366/17993, 755698377375/35986, 12278049794934/17993, 823758782320143/35986, 14223842319857706/17993, 1008398688236199855/35986, 18292959044765643054/17993}, {0, 484139808/17039371, 3008921983497/32272568674, 38186045416735593/15281061267139, 582755112267265495125/28942330039961266, 5112175828161465867221913/13704193273921659451, 114526304278657183842775852797/25955742060807623000194, 899895900155461315168276165862853/12290043865792409490591859, 23869559075987873802750735786508051605/23277343081810823575180980946, 182405737610857384775691154912932904316193/11021821949237424962848194477931}}","{30.86850408051312, 0.1322159979077529, 0.01748107010274292, 63544965/35986, Sqrt[70586926109183/1294974203], 70586926109183/1294974203, 14875660347847172170713341837/4982514137543260694836927489, 443496329969250533730/(70586926109183*Sqrt[70586926109183]), {63544965/35986, 57085387414/17993, 104437702030170/17993, 194659772217065401/17993, 369724902906902629650/17993, 715507863630868016049079/17993, 1410206248066543439395762260/17993, 2828418922290105101985555712561/17993, 5766903365567323110422362216878990/17993, 11938243108496335673338736213769514219/17993}, {0, 70586926109183/1294992196, 221748164984625266865/23300794582628, 14875660347847172170713341837/1677004787700902416, 49019745401933178776109928008157725/15087173572551168585544, 4707515494746760862476972528462063475664683/2171708112727305410877545536, 39650163590249115392696069162217331256819869754715/39075544072302406257919676829248, 1720969011753861875705633793660789885180153003135671778137/2812345057971748783194994980754637056, 3987825812093058350872239862891823994126043791344782280501454645/12650631157021418964006886172179546137152, 667076141673788329056004483381980493892553080990783420184572046901944983/3641964902532582262710014446336425178332414976}}"
"{0.7559344063919803, 0.17848851673132343, 0.03185815060494793, 406629/17137, 2*Sqrt[5267577358/1174689939], 21070309432/1174689939, 68536570783240239019/27747371222514260164, -131946381576099/(10535154716*Sqrt[5267577358]), {406629/17137, 9955927/17137, 501196059/34274, 6463037842/17137, 340594109703/34274, 4573373410462/17137, 249852118988799/34274, 3465264647712142/17137, 194948817878140263/34274, 2777264502622807822/17137}, {0, 5267577358/293676769, -131946381576099/10065477580706, 68536570783240239019/86246044650279361, -3142323211390074807606675/2955996934343674818914, 1255676275268577612714668999593/25328459731923777685864609, -66047229399737544374799793386108279/868107628851955556405323608866, 27516746794328650564473860410203612196219/7438380217817981185059015342568321, -1402916160047203026461572577634231698818372875/254943043585493487136712691851186633954, 671338825278145984600635067547256373324817031767053/2184479468962300944530922700126892673034849}}","{21.58009366885244, 0.11676603379965504, 0.013634306649302184, 27124083/17137, 2*Sqrt[10030829560406/1174689939], 40123318241624/1174689939, 272716147910971993100894237/100617541669914827202884836, 8042181659495031/(29372853764*Sqrt[10030829560406]), {27124083/17137, 43516759535/17137, 141479329071615/34274, 116462946507980960/17137, 388206133643966042631/34274, 327329508550386743220290/17137, 1116478668225891022396712235/34274, 962274653621261884193993410040/17137, 3351195658291813320351622798542111/34274, 2945588085670853346764059723608157070/17137}, {0, 10030829560406/293676769, 5492810073435106173/10065477580706, 272716147910971993100894237/86246044650279361, 101259048014994276098194772372385/2955996934343674818914, 9823588013106542600847999776742125966501/25328459731923777685864609, -3671094186806933784124290286851794937238762287/868107628851955556405323608866, 396152313095417350875848890799059203015871158741637937/7438380217817981185059015342568321, -521823992291277050023899395669847531966891976361674329333135/254943043585493487136712691851186633954, 17120808538215854577151572564770322603275785110729659575723832444621/2184479468962300944530922700126892673034849}}"
"{1.4991327508723251, 0.23726510367816556, 0.05629472942341065, 945554/35507, 15*Sqrt[149128454/840486197], 33553902150/840486197, 135613903898721390383/49670486006990056875, 1344536424743974/(251654266125*Sqrt[223692681]), {945554/35507, 26597663/35507, 786992864/35507, 24383465087/35507, 787156772744/35507, 26340353390783/35507, 909017096621264/35507, 32200705685891807/35507, 1165959720287529944/35507, 42999728548677563903/35507}, {0, 50330853225/1260747049, 4033609274231922/44765345468843, 6916309098834790909533/1589483121562208401, 1073287115984420832712746390/56437777197309333694307, 1365270080519986373820698490245145/2003936154944862511483758649, 262216086620173079627554389974173172562/71153761053627233195253818350043, 317890759299752556049891691658485621806619733/2526456593731142169063877328154976801, 65910730233664072053766360012535917758647850141390/89706894273611664996951092290798761273107, 80794882679720854401711476455230572072947512341984974065/3185222694973129389046742433969391616524210249}}","{43.551884037067424, 0.15713466304673276, 0.024691302330810242, 125258419/71014, Sqrt[387392967987569/5042917182], 387392967987569/5042917182, 399787423470849908757370926305/150073311646217660029738529761, 3159865025483182477944/(387392967987569*Sqrt[387392967987569]), {125258419/71014, 226392887295/71014, 419195113193491/71014, 794747551059261471/71014, 1541391898046737789939/71014, 3054477681657930998225535/71014, 6175201722150446500418783011/71014, 12715135674146744812316670237471/71014, 26617378382897512077768551224358419/71014, 56544875712042551944618558582507043775/71014}, {0, 387392967987569/5042988196, 394983128185397809743/44765345468843, 399787423470849908757370926305/25431729944995334416, 404745317000836445567838107553613875/112875554394618667388614, 555571311206288702455898332262629936278338129/128251913916471200734960553536, 1375808451157527428870367854494061576684266623751173/1138460176858035731124061093600688, 861896459869595889977724868042488886673705547502505890492865/646772887995172395280352596007674061056, 560259297570039491168743398461112819659688296573233303136654250555/1435310308377786639951217476652780180369712, 1398396764266405665755805603234236495698308042146342612565358654220774583089/3261668039652484494383864252384657015320791294976}}"
"{1.4687042607910379, 0.23601747468663514, 0.05570424835745646, 272441/10333, 2*Sqrt[3617722897/373692945], 14470891588/373692945, 454726268456320724003/209406703351649161744, (-7112001810081*Sqrt[7/7235445794])/28941783176, {272441/10333, 53083371/72331, 1547166797/72331, 46859088903/72331, 1465193345477/72331, 47047442517351/72331, 220694247161171/10333, 51702746652756183/72331, 1759012087414045157/72331, 60707179017451821831/72331}, {0, 28941783176/747396223, -2032000517166/1103263596037, 259843581975040413716/79800159164952247, 762151276583325671753190/824575044651451568251, 444724034402908993260693617468/1217190562340492722105369, 3554165038359798611157384609830634/12577230080664311297514777877, 44327352225836600086422010734266255884676/909723628964530300460541398621287, 76494374682110040710726155546998616298195850/1342882036870070227808396324564822653, 711428503420549869472276758261441968543660825488676/97132000608849049647609114552098187314143}}","{61.473008721585046, 0.1880954160627809, 0.03537988554383066, 125676048/72331, Sqrt[93133130201294/871950205], 93133130201294/871950205, 44722942098840049968830846609/26021339823273541742877823308, -39841316711399234683/(93133130201294*Sqrt[139699695301941]), {125676048/72331, 226089336828/72331, 419588347100892/72331, 799951472819151108/72331, 1560146138988916318188/72331, 3100487869469435509940868/72331, 6257182788344819412060624492/72331, 12787244194416728661949913199588/72331, 26401170638547887099072789393142828/72331, 54969431894940244274034945021497463108/72331}, {0, 558798781207764/5231773561, -478095800536790816196/378419413440691, 536675305186080599625970159308/27371454593578620721, -2141367484822218791320701992174911380/1979804682208135215370651, 623476114369016083773313786890739993349012844/143201252468796628262974557481, -4222978156198790940269648742861096438807142959525876/10357889792320528918889212717158211, 115373944378660261913804808774617143697268262404238829112564/107028075224048025318882235006395794263, -6965272333777676115170284746489502189714876709388941104524108083220/54190133963214324035380496581733299363859371, 1120666532310393099721270643679328754241073376270846170124001049248992908524/3919626579693255271803106698253351276287312163801}}"
"{0.7819060900526011, 0.1791686949725443, 0.03210142125816463, 1740821/71470, Sqrt[97280639809/567543270]/3, 97280639809/5107889430, 30689614396927039678657/9463522881648395556481, -7378259339311128/(97280639809*Sqrt[97280639809]), {1740821/71470, 8752591/14294, 1130813429/71470, 29944769291/71470, 810897814301/71470, 640574236897/2042, 632132364893909/71470, 18157631456283611/71470, 530941289432163341/71470, 3158687964244441687/14294}, {0, 97280639809/5107960900, -922282417413891/45633245690375, 30689614396927039678657/26091264555928810000, -333698028904351274111323131/116546417363264503168750, 3052657107740936250493931170513229/26654631836648044932705800000, -410161981552634932570752418426380836313/1190629085853272357087802203750000, 1379014319998789182638943802113952072534742839/97250583732495286126931684002300000000, -56970087550347308484400556036964111685286834264811/1520421704235314584263832880922208343750000, 7093395513935882779786305931178919669109551727017695605441/3477265254454333866794756351984327370490000000000}}","{17.962696438935243, 0.10460478101383412, 0.01094216021095219, 58662727/35735, (2*Sqrt[18827449547318/283771635])/3, 75309798189272/2553944715, 682282329740309821637595539/177236428228402381560496562, -57815482790612661831/(18827449547318*Sqrt[9413724773659]), {58662727/35735, 97354706539/35735, 32619280113275/7147, 275486418335269447/35735, 468699598776026241427/35735, 802558296870906439782739/35735, 276432744603264775652981531/7147, 2392809143616707459334603509407/35735, 4162248169432531804209344950517947/35735, 7272056108513744127198286325997211339/35735}, {0, 37654899094636/1276990225, -231261931162450647324/45633245690375, 5458258637922478573100764312/1630704034745550625, -71064167465191633213904723200438572/58273208681632251584375, 264469229147858498572645683751513398432656/416478622447625702073528125, -21419555484155452223843491881038674200495451234812/74414317865829522317987637734375, 54764992760462586234527248762697480677005089122151744584/379885092705059711433326890633984375, -6638109591610718157344276907427182792700225391216497553307280524/95026356514707161516489555057638021484375, 118573840376053399248336833416613310543436487118550477018511450182463584/3395766850053060416791754249984694697744140625}}"
"{0.725106112715805, 0.16313357069322887, 0.0266125618871227, 1968415/72244, Sqrt[103113138187/144975647]/6, 103113138187/5219123292, 27530535768228621497413/10632319266771357646969, -12379435574884686/(103113138187*Sqrt[103113138187]), {1968415/72244, 55060223/72244, 1575618889/72244, 45988445867/72244, 1365628697305/72244, 41171228927123/72244, 1258005995589169/72244, 38902648831152107/72244, 1216091416926290665/72244, 38389137815955379523/72244}, {0, 103113138187/5219195536, -6189717787442343/188527781151392, 27530535768228621497413/27240002043002327296, -1924507424277059164555442955/491981676898665033293056, 10506310683664134180724860527175727/142170897063468626660894150656, -2207992568752051329786910159777822616973/5135497143726613732244818509996032, 4899059286024412468696930617452676843008459593/742017711302770964944589336872306671616, -326881750228946911032428898080710609552325369611155/6700790941919673198932114006625365398028288, 2599302972858613092702544460163090540028051920600452974867/3872735526464358964669213154357143182521245106176}}","{22.630152096486846, 0.1124711311114438, 0.012649755333487582, 64621515/36122, Sqrt[52823890631243/144975647]/3, 52823890631243/1304780823, 9092842977311335900937380325/2790363421421521989007725049, -402103395036419461422/(52823890631243*Sqrt[52823890631243]), {64621515/36122, 58534467797/18061, 107179030380966/18061, 198030949272909830/18061, 368711329186347207060/18061, 690999101719060197568682/18061, 1302271152835819367981660076/18061, 2466191807912479946452976016650/18061, 4690099434495429403744631492509260/18061, 8952481067743246477512845707247987642/18061}, {0, 52823890631243/1304798884, -201051697518209730711/23565972643924, 9092842977311335900937380325/1702500127687645456, -33297862132149316739806340833974195/15374427403083282290408, 2437792289901289454727372927045388438092623/2221420266616697291576471104, -20806601263117569269374366887108273364888989117741/40121071435364169783162644609344, 745991145216370794501077334336834345020020533125257715465/2898506684776449081814802097157447936, -1659002167948057116140450503326642088844923313990618457027963435/13087482308436861716664285169190166793024, 239519908857583613508900125586930270947847708503495523381225724820224403/3781968287562850551434778471051897639180903424}}"
"{1.2700267924861501, 0.22538765056801252, 0.05079959302856851, 1752151/70084, Sqrt[51984736049/409308081]/2, 51984736049/1637232324, 7909100538355493283853/2702412782084200130401, (3793687918398554*Sqrt[3/51984736049])/51984736049, {1752151/70084, 46030297/70084, 1269007813/70084, 36626844901/70084, 1103030219821/70084, 34517361928117/70084, 1117311915208813/70084, 37238082197550421/70084, 1272203241401453581/70084, 44374984745747869237/70084}, {0, 155954208147/4911767056, 17071595632793493/172118141176352, 71181904845199439554677/24125455612406907136, 9014712673830281615339024985/422702107784981419929856, 48318574836065165426180715912200487/118498618088010551337456111616, 17084307385437108138502068882936541624983/4152428575040065739967137063247872, 5560079170517839466298147527100288915062216271/83148229786602276377101952554475388928, 4015358546800440663749144778753312163313590233482145/5098940469318704695411211587474371512926208, 34170557137470820363318221221389630797952985060609005855227/2858833150813856798985594823172430824895362891776}}","{31.44632091353999, 0.13903441183098827, 0.019330567673188852, 114010307/70084, Sqrt[19327838545103/10495079]/6, 19327838545103/377822844, 217058106564279343570164287765/63132542937521203548332422921, 1873801634666992862970/(251261901086339*Sqrt[251261901086339]), {114010307/70084, 189053307507/70084, 319591505221547/70084, 550856039739208323/70084, 968157013238250727667/70084, 1734952263903210764211867/70084, 3169119707206288621524698027/70084, 5897405724073381660204093980243/70084, 11171153313631454819547067950898787/70084, 21517140063710105056537800703468321227/70084}, {0, 251261901086339/4911767056, 936900817333496431485/172118141176352, 217058106564279343570164287765/24125455612406907136, 878646401576616705115345153475489265/422702107784981419929856, 258449653099112583032307452347904331744308279/118498618088010551337456111616, 2923261552728820971181365239234228750438615679143535/4152428575040065739967137063247872, 49340381445721973040033030107469295612123038059363990374415/83148229786602276377101952554475388928, 1176205038672568572075045215355283652352766251321091642449922125465/5098940469318704695411211587474371512926208, 487847278562562680469304692021310675340299930565004621326492933852156248619/2858833150813856798985594823172430824895362891776}}"
"{1.0726970293823084, 0.20803942255845503, 0.04328040133845541, 353035/14244, Sqrt[26970606511/253610859]/2, 26970606511/1014443436, 1831449563366409290445/727413615571195593121, (-462991879590974*Sqrt[5/26970606511])/26970606511, {353035/14244, 45643019/71220, 1222830821/71220, 33754120631/71220, 191140384273/14244, 27658678481039/71220, 815922751582301/71220, 24479821244688791/71220, 149124114505893505/14244, 23020649558299395359/71220}, {0, 26970606511/1014457680, -231495939795487/7224967596960, 122096637557760619363/68608292300732160, -730733964784323083726783/146588477329744333056, 7112373917918835714192226420211/41760125421697565600993280, -76335149706896683850849962515898519/99138537751110020736758046720, 170454520054180323198481477458704098409869/8472775990360866812246289704878080, -374764003052783291069093688647341890516858839/3017155530167504671840903763907084288, 523139793315936670315520640799898976445321735825279/191006059429804162425341480947077815992320}}","{32.86569549812658, 0.14238049736347203, 0.020272206029469664, 28865813/17805, Sqrt[67565110655294/1268054295], 67565110655294/1268054295, 2451923814745055263005353598/1141261044465530703522556609, (-29788472021035688752*Sqrt[2/33782555327647])/33782555327647, {28865813/17805, 31831000199/11870, 32174646812663/7122, 91843942147574261/11870, 478935599550889456471/35610, 281168692550628937855589/11870, 300597678746549269542936083/7122, 901939614291773073383472098621/11870, 4915932278964441614743651214767351/35610, 3001300817351195227573545421007141429/11870}, {0, 33782555327647/634036050, -14894236010517844376/5644505935125, 408653969124175877167558933/67000285449933750, -1423060858424901031439681633414428/1789410123654105628125, 12174525452998613002562565467792346691387/12744178900664540283506250, -41159807209902163366352802751717800546369666896/189091754438610116456523984375, 3707649917358785435244389315103675852809958721585680751/20200672126676718741050457250781250, -10788139223498530732073724232394044134202663636068688960612676/179836483607739488592201695675080078125, 29310058338185067164541166135883466421886398996845979173884914689727/711553020141289243196478042554400175781250}}"
"{0.8684123702083714, 0.1802286501974979, 0.03248236635201206, 487778/18245, 8*Sqrt[483021146/1331501855], 30913353344/1331501855, 181468810840039458737/59727213435687248896, -408649260276327/(61826706688*Sqrt[483021146]), {487778/18245, 151284/205, 764002321/36490, 11101687497/18245, 16081213241/890, 9984347963751/18245, 615961813599301/36490, 9664770126709257/18245, 616478316471547801/36490, 9981612634229095851/18245}, {0, 7728338336/332880025, -408649260276327/12146792112250, 181468810840039458737/110809111044000625, -17170089670730283967762731/4043424461995582806250, 1166173095174482348177042095381/7377227930910940830003125, -697646665058610265190908754710514451/1345975235994701154434070156250, 215834328485365038174138623887861129399613/12278659090361661281324805000390625, -29422470270976411211905132262817039975110871627/448048270207297020155542134464253906250, 8694415913265705202760364670533658784588409357858209/4087320344966067066368933121650156259765625}}","{21.390736002766392, 0.11020562915545974, 0.012145280697550718, 64267593/36490, Sqrt[50163251035251/1331501855], 50163251035251/1331501855, 1885064837498121850281152999/838783918141870174414877667, (-9162317161935286154*Sqrt[3/16721083678417])/16721083678417, {64267593/36490, 11456527161/3649, 20655723007764/3649, 188189315859043632/18245, 346294823766882423594/18245, 128608725724269092879868/3649, 240823631483751951736323198/3649, 2272169373177602718752733904092/18245, 4318012740071080397054550853331514/18245, 1651878638722343463724412932067371500/3649}, {0, 50163251035251/1331520100, -41230427228708787693/24293584224500, 5655194512494365550843458997/1772945776704010000, -5351406897331084883943865690047057/16173697847982331225000, 161111327701031074091958049951460666380251/472142587578300213120200000, -2382119691282841125300900337611892759844655386079/43071207551830436941890245000000, 131392271556627853389881232373675251905876119543625805993/3143336727132585288019150080100000000, -129566082006899928437558605220149994899149267837150941508276057/14337544646633504644977348302856125000000, 23621169832382629340661465214717849878068637173941369120729185126311259/4185416033245252675961787516569760010000000000}}"
"{1.1220861364744639, 0.2021702885831296, 0.04087282558578591, 2119682/77211, Sqrt[91820671666/331192295]/3, 91820671666/2980730655, 28720159924665919047711/8431035745195375215556, 15170558571704551/(91820671666*Sqrt[45910335833]), {2119682/77211, 60570296/77211, 1803612764/77211, 55980377540/77211, 1809565818092/77211, 60801260921756/77211, 2117396387168564/77211, 76160867879979620/77211, 2818901333811361052/77211, 106965439489983814316/77211}, {0, 183641343332/5961538521, 60682234286818204/460296350744931, 38293546566221225396948/11846647179122289147, 87006828246050007098104959380/2744074426041633201987051, 123114570273738334453802606231084212/211872730509100541158622194761, 42543065391712729549405330515111800083588/5452968465112720627799459426563857, 168567972488691848067195768239712870476666420204/1263087444479454817179072185353265888481, 198971547199126283789686248222492191563805224515160900/97524244675703185889213342503311012515506491, 28899775255580551812827164467516607102466690176679849915588/836660495072857631743561265335905176370530186289}}","{39.896599235770346, 0.14765497317418574, 0.02180199110306951, 15699159/8579, Sqrt[24179973636794/331192295], 24179973636794/331192295, 614795253981208016932627101/292335562538026429315299218, 83980297597674068019/(48359947273588*Sqrt[12089986818397]), {15699159/8579, 264195394223/77211, 168285515430271/25737, 985535351154661715/77211, 654495109842372076727/25737, 3986820768300383878013603/77211, 915122256334598412727486237/8579, 17277817291467251429123787065315/77211, 12245248020587343492260535433756567/25737, 79015677086326051678789011390547174883/77211}, {0, 48359947273588/662393169, 18662288355038681782/1894223665617, 546484670205518237273446312/48751634481984729, 376811769365335787908264314286550/139413424073648996697, 7532780222006503132417009942567039100848/3588083295383504227990689, 2262033501456361696331282621473718855673002634/3420240732343898085770235659, 114452647423193072041748294824227468788935901320493512/264080207185004715100405665467049, 120575151404137963349804999678862568452616315866110352700870/755181365813385150282126734680604457, 1851458880984613394302607556405390527246591812958432171111789024608/19436102811939093612811095770474716909809}}"
"{0.8933026333554747, 0.1875755840424261, 0.03518459972885726, 1874040/73813, Sqrt[10297296017/454023763], 10297296017/454023763, 3327515557495863872687/1272411663140688771468, 387589021007893/(10297296017*Sqrt[30891888051]), {1874040/73813, 49254108/73813, 1337226648/73813, 37417524612/73813, 1076533856400/73813, 31772347147788/73813, 959788148501448/73813, 29615279335149012/73813, 931679435457222720/73813, 29833870377895672668/73813}, {0, 123567552204/5448358969, 9302136504189432/402159720578797, 39930186689950366472244/29684615455082742961, 7808600613237344849537799600/2191110520586022506180293, 20601277751935137544535028698221884/161732440856016079248685967209, 6563891077634086544592193474465158659112/11937956656905114857583257297597917, 13885996223276558186120246996556668198461544964/881176394716137242982792970907595047521, 5757692034505951282286797657103475431910027698390880/65042273223182238316288897561602313242667573, 10900318879730551849813717668762582399123420664629864874764/4800965313422750556840232395714551547381021565849}}","{21.899769491575604, 0.11569246057795776, 0.013384745434582311, 120770895/73813, Sqrt[97611009838669/2724142578], 97611009838669/2724142578, 56057290264383532517163245371/19055818483449472634815383122, -128784720527158477017/(97611009838669*Sqrt[195222019677338]), {120770895/73813, 200246990351/73813, 336246366604359/73813, 571445273699530151/73813, 982372456156927512735/73813, 1707413020001688417554831/73813, 2998823583719802152351591799/73813, 5319985002656467721593108288631/73813, 42728140526034961917212712541905/331, 17221857653611964445286551924305860511/73813}, {0, 195222019677338/5448358969, -257569441054316954034/402159720578797, 112114580528767065034326490742/29684615455082742961, -452672572880886728035958924071850490/2191110520586022506180293, 88690773517889489790219320993641353722799158/161732440856016079248685967209, -572842217617389967858495088738949324092070227891754/11937956656905114857583257297597917, 79701545390454843598824952356390416064520839202652567337542/881176394716137242982792970907595047521, -663807359516677184066778271417525025706313954016173157257448894970/65042273223182238316288897561602313242667573, 75995315223439533459619261547501173587087228856552577363419425571818134678/4800965313422750556840232395714551547381021565849}}"
"{1.002017275598485, 0.20390270677126426, 0.041576313828648175, 1707316/70841, Sqrt[12119024739/125459411]/2, 12119024739/501837644, 7585602588953664323693/2447846010408233635350, (-1784425729082917*Sqrt[2/60595123695])/20198374565, {1707316/70841, 42858206/70841, 1111104652/70841, 29578897118/70841, 805317660796/70841, 22358147440046/70841, 631568670707452/70841, 18120093164502398/70841, 527273387910117436/70841, 15542712786968503886/70841}, {0, 121190247390/5018447281, -21413108748995004/355511823833321, 45513615533721985942158/25184813112176292961, -20588715266652168727984095420/1784117345679680769650201, 28245659993576165971480493337734910/126388656885294265402789889041, -19547701370037955208715944161271198709804/8953498842411131055399038529553481, 22779667470099682954393401545636353393952787438/634274811495246935095523288472098147521, -19318353994512102353258910146427936896842968144796380/44932661921134788129101965278651904868535161, 21063119351496473770382129933407801078682645332744990958430/3183074703155109525853712322304979592791899340401}}","{23.09262267554597, 0.12132334094098952, 0.014719353057083585, 111139700/70841, Sqrt[790484204163/5454757]/2, 790484204163/21819028, 15397129348733985747443586821/5509228859158514429911183350, -136363860301929956347/(30301894492915*Sqrt[181811366957490]), {111139700/70841, 176929239890/70841, 285467267393078/70841, 466301816798251406/70841, 770372738114479806950/70841, 1286062783611923132030870/70841, 2167636030599437575061632958/70841, 3685840526858904846330182573006/70841, 6318309975068684741080484827340150/70841, 10911667431336425298835099581649554950/70841}, {0, 181811366957490/5018447281, -818183161811579738082/355511823833321, 92382776092403914484661520926/25184813112176292961, -1375980629767911542522438076679132050/1784117345679680769650201, 76768546491753243615079996132845638647914870/126388656885294265402789889041, -1936342688730184268818008516348766148097063408259722/8953498842411131055399038529553481, 82974223571347514756322942764663556818058413382560232841086/634274811495246935095523288472098147521, -2598507151557314960287232603434504530737526249400276869337933879650/44932661921134788129101965278651904868535161, 100955495131131594808019352518659730328904895057675734404796238106849346950/3183074703155109525853712322304979592791899340401}}"
"{0.9814784095851872, 0.1916503700957364, 0.03672986435783274, 677578/25357, Sqrt[25294346743/964453495], 25294346743/964453495, 3967274458466580419643/1279607954310229416098, (1888495678701603*Sqrt[3/50588693486])/25294346743, {677578/25357, 56312834/76071, 539087238/25357, 48122500922/76071, 493946979798/25357, 47138167468874/76071, 515164105082598/25357, 52086119894922362/76071, 599740419174980598/25357, 63516526791997532714/76071}, {0, 50588693486/1928932347, 1258997119134402/16303979174293, 2644849638977720279762/1240259999767642803, 160279776999750038244384250/10483090938036039518557, 216192272665946556492521321263106/797459210747339562216149547, 18609078323836811489733237281562042362/6740391068973429759704968021093, 22211533373918767884863365052483797500972962/512748289007877775250516622332565603, 2272849458688869083630293527773405052910076293530/4333919454790918915675783330828955331757, 2639267298371730265097557801578412341504749434036343426/329685586845399992834372513759489461042086747}}","{28.294324308534662, 0.12552037075544892, 0.015755363474585355, 136612370/76071, Sqrt[147018766065373/2893360485], 147018766065373/2893360485, 2675291364699427198207744257/1168352301372155220741061034, (640581578627262787480*Sqrt[2/147018766065373])/147018766065373, {136612370/76071, 249201103826/76071, 461854496495780/76071, 869656132145762438/76071, 1663241591221469051540/76071, 3229260500747512866861566/76071, 6360326814186745340093795900/76071, 12697244002620501977897957694278/76071, 25667201894391043493895518551332740/76071, 52487346159992139018849571479899525006/76071}, {0, 294037532130746/5786797041, 2562326314509051149920/440207437705911, 65990520329252537555791025006/11162339997908785227, 4010642650655383190845759609809375440/2547391097942757603009351, 199894524390873689030027829561903637544183866/193782588211603513618524339921, 1984033393433514196186802295677068562449935845240320/4913745089281630294824921687376797, 255893938916287293786356447188435072044899625858553744489898/1121380508060228694472879853041320973761, 9053301073722809698900162974231065885471931186648975044788953194800/85304536628649657017246443300706327794973031, 41188482585188271002844471852351735465741783625550296895926168006229969354/721022378430889784328772687592003451299043715689}}"
"{1.4041215283980772, 0.23917763876220693, 0.057205942883864755, 1725221/70288, Sqrt[170264630839/308770791]/4, 170264630839/4940332656, 80537823509276321208205/28990044514740949843921, -23482961033003190/(170264630839*Sqrt[170264630839]), {1725221/70288, 44767985/70288, 1212993287/70288, 34033039085/70288, 982797256391/70288, 29072946227525/70288, 877603374479567/70288, 26946888365112845/70288, 839429911980353591/70288, 26472910373165322965/70288}, {0, 170264630839/4940402944, -11741480516501595/173625521063936, 80537823509276321208205/24407581249083867136, -8643321600945338484235982835/428890017708901713313792, 57471183527814076922692779496253059/120583286258893134501599248384, -19465526528312720200083876189204249074145/4237779012282540318924203985207296, 50368375698933858474814909663733164382425261465/595730022430630387873088899424500842496, -5291277115586400685380358808110306764974475644645475/5234083977075518587852959070343664402169856, 49573594189934711606999428693890360435365657195559384979279/2943146356645472404024070297090523867997718708224}}","{48.53792268466857, 0.17365317790963894, 0.030155426198116713, 113134979/70288, Sqrt[55138513447745/44110113]/4, 55138513447745/705761808, 104736745830858293071836916681/29794505519226130827086733245, -888787649781366609558/(385969594134215*Sqrt[7876930492535]), {113134979/70288, 187592378037/70288, 318365183857727/70288, 550545109279041165/70288, 967126335284679185519/70288, 1722071872491294070816557/70288, 3103105215914835507153981167/70288, 5651601442464864827878790568045/70288, 10392658127619525938235343279681199/70288, 19278659265184522180735304570758885677/70288}, {0, 385969594134215/4940402944, -3110756774234783133453/173625521063936, 523683729154291465359184583405/24407581249083867136, -4618882582209673780604946973715187045/428890017708901713313792, 1093765873636353888817083097210806567625575155/120583286258893134501599248384, -25010288986977016668611709147115052692921344964296183/4237779012282540318924203985207296, 2712214884268827501209761077321742275796778454052683751531865/595730022430630387873088899424500842496, -17017810337523310571054098917761068135199865754475656218744774585045/5234083977075518587852959070343664402169856, 7243693780787826293804341890856543691476759235236936859946890999564427432095/2943146356645472404024070297090523867997718708224}}"
"{1.2229212071409041, 0.21684416956825858, 0.047021393875747684, 392041/15074, Sqrt[36134555581/1136112306], 36134555581/1136112306, 3484545487350847232585/1305706107036378247561, (634000694904480*Sqrt[5/36134555581])/36134555581, {392041/15074, 53377689/75370, 1515713123/75370, 44705782317/75370, 272916896071/15074, 42960168905349/75370, 1390709711745083/75370, 46164489779790957/75370, 313476560610728791/15074, 54301633860717972309/75370}, {0, 36134555581/1136127380, 15850017372612/428149603153, 696909097470169446517/258157084717132880, 231329844571144635057048/24321624343912881457, 20500530213208892621834589861421/58659866457622844013250880, 10993574826517101456647062717049925/5526492668638792191598398532, 734045707310540912172423710791286240928997/13329016077929784559384681515418880, 64182325732203595940874019852966315260044025/156969990905244978475128663408925154, 29191502726754050867448302745763468526787369513468061/3028692022919248391083634524449456347386880}}","{34.79901616306079, 0.14114835104779916, 0.019922857003512744, 65823939/37685, Sqrt[57546952752446/946760255], 57546952752446/946760255, 5465445907329911086636715839/2483738828319189191519237187, (5348137421700207862*Sqrt[3/28773476376223])/28773476376223, {65823939/37685, 117264465294/37685, 212860182713526/37685, 78649881552912756/7537, 738490773129698717334/37685, 1407899794617977859830904/37685, 2721491981241641652829430106/37685, 1065537742460966573809729660212/7537, 10550983526539721008253929095427854/37685, 21117224365264575587913248775113272464/37685}, {0, 86320429128669/1420159225, 48133236795301870758/53518700394125, 16396337721989733259910147517/2016852224352600625, 39944351465172840100723569439600446/76005076074727754553125, 850453548533732942352239732176276330440009/572850258375223086066903125, 18776560381783207634152483690929639420256466585814/107939309934351409992156221328125, 1304019961925043421148609959918302240675178086782827856253/4067692894876032885554407200750390625, 7706779829666000685429031152659788532978263702581114715543058862/153291006743403299292117835360278470703125, 437935610734358757646690888513698314050962502638547995167874793454880141/5776771589125153333823460625552094168447265625}}"
"{0.6334163869215247, 0.15478985051938987, 0.023959897823815062, 1011197/38250, Sqrt[24499139441/6502415]/15, 24499139441/1463043375, 1909762451708146185057/600207833349561792481, -1094114495680004/(24499139441*Sqrt[24499139441]), {1011197/38250, 27373033/38250, 378382597/19125, 21323974099/38250, 305736558601/19125, 17823451313023/38250, 263819728534627/19125, 15853360307518099/38250, 14210892859154933/1125, 14929810094821671463/38250}, {0, 24499139441/1463062500, -273528623920001/13990535156250, 636587483902715395019/713517292968750000, -18062823795529817764484309/10234513671020507812500, 42023977320552640350928799030621/626352236666455078125000000, -1391928457436003759190718404995437481/9982488771871627807617187500000, 27651849559472664005995190545694791566177473/4581962346289077163696289062500000000, -119462119151702496227040860699336848363826805629/10953753734097325094461441040039062500000, 453927564543352428199058441415852317683032441313748201/744855253918618106423377990722656250000000000}}","{15.271730595694352, 0.0935079928750965, 0.008743744731529097, 22269013/12750, (3*Sqrt[481782722259/6502415])/5, 4336044500331/162560375, 15037523393212826902140439/6267093969616903819703187, -2814933174294202606/(13008133500993*Sqrt[481782722259]), {22269013/12750, 58852351117/19125, 69697906912181/12750, 187165476151938049/19125, 225014729438005237553/12750, 612830804641705529734507/19125, 746549714262465694136872901/12750, 2058497461337989762731206858509/19125, 2536776280583051826925233182337113/12750, 7070716350735387650412126733601116447/19125}, {0, 481782722259/18062500, -1407466587147101303/1036335937500, 15037523393212826902140439/8808855468750000, -5484359042663417792415727614569/28078226806640625000, 130623044842661339751560628011958514691/859193740283203125000000, -237501525981756123398745346688129491557857983/9128933490509033203125000000, 3739477389067048917360006262971236044713292920403651/232787804007980346679687500000000, -3909674268911785749941048723946822181570835508500879882627/1113016687913156032562255859375000000, 23700597613186279080013391755342846891005922528085790047380810651/12614189129682435035705566406250000000000}}"
"{0.7491624739512085, 0.16797250288387947, 0.028214761725074894, 1909710/71923, Sqrt[51448793813/2586423003], 51448793813/2586423003, 12961166450982183363701/5293956769625174157938, (-2803638560506890*Sqrt[2/51448793813])/51448793813, {1909710/71923, 52137562/71923, 1458170580/71923, 41640465406/71923, 1210729713900/71923, 35757731090542/71923, 1070588694316860/71923, 32440772988994126/71923, 993535145988759660/71923, 30718864339924685422/71923}, {0, 102897587626/5172917929, -11214554242027560/372051776207467, 25922332901964366727402/26759079900169649041, -7217999348679724424556997200/1924593303659901667975843, 9901910775976387903278039981325906/138422524179131107665826556089, -4656018259244614992628027014896408720280/9955763206535646656649243393589147, 5011436640566024931523088712477183905484452122/716048357103663314486183532597112219681, -3184209617385030686272710471293782230358847675289120/51500345987966776567789778214982102176116563, 3055712436378625199502987902307367449946566340258617687586/3704059384492534471085144218556157734812831560649}}","{24.586322616607053, 0.11872524543577721, 0.014095683903785537, 125451315/71923, Sqrt[110917623044006/2586423003], 110917623044006/2586423003, 23325952966568762522484970687/12302719101732210837412528036, -125293451926205524863/(110917623044006*Sqrt[55458811522003]), {125451315/71923, 221902140919/71923, 397714459990947/71923, 721606496862588559/71923, 1324091091187103601195/71923, 2454634630485201504533959/71923, 4592836024890277091987811027/71923, 8665544909557048306573115683519/71923, 16472416788537933728842766509591995/71923, 31522804812857416863754048071364983799/71923}, {0, 221835246088012/5172917929, -501173807704822099452/372051776207467, 93303811866275050089939882748/26759079900169649041, -503010329633094309988819558505293980/1924593303659901667975843, 49450358949785843317720684286533556320732012/138422524179131107665826556089, -422840863549213242351907645859159658287029576105932/9955763206535646656649243393589147, 29588435895764232707050498385479485489155354805573603007708/716048357103663314486183532597112219681, -338037248439237067352042285311151781899761004402255809046557507260/51500345987966776567789778214982102176116563, 19010818295279427419421020297075096392837217077155819755400032317438955212/3704059384492534471085144218556157734812831560649}}"
"{0.859650889638715, 0.1817434405053357, 0.033030678166716496, 956111/36737, 14*Sqrt[308107403/2699177601], 60389050988/2699177601, 872961645478592032078/227927342451953986009, 2265912069020055/(211361678458*Sqrt[616214806]), {956111/36737, 25705495/36737, 713467652/36737, 20440253089/36737, 604577730596/36737, 18468053258365/36737, 582745656085952/36737, 18990091614109249/36737, 638543687293522796/36737, 22119887853029367685/36737}, {0, 30194525494/1349607169, 2265912069020055/49580518567553, 3491846581914368128312/1821439510616194561, 896219312860613615159609955/66914223301507139587457, 731706072693125562587686870704424/2458227821427467787024407809, 302963186976181571326271467255596495675/90307915475780884091915669679233, 201254575520306722294444438027620513126346672/3317641890833762338884705957005982721, 101256998562276944842484476021489494531258352303875/121880210143559927043607442742528787221377, 62658872021292338581470200882892685984763749948017974104/4477513280043961039801006624032280056151726849}}","{13.853828187159143, 0.09058242705087022, 0.008205176090426225, 62027686/36737, Sqrt[63136884830366/2699177601], 63136884830366/2699177601, 2746762759104962222972103277/996566556520725082148923489, -42779562023104793703/(31568442415183*Sqrt[31568442415183]), {62027686/36737, 105588433267/36737, 181148259952543/36737, 313099281379720573/36737, 545017796666108426491/36737, 955168821379463638508557/36737, 1684849944969538505874121483/36737, 2990445708745206847032827069653/36737, 5339460081369516095453259618763051/36737, 9588470695710161360909441791189139197/36737}, {0, 31568442415183/1349607169, -42779562023104793703/49580518567553, 2746762759104962222972103277/1821439510616194561, -6432921561386744817423432956994435/66914223301507139587457, 353807729624349252414622678511538477394333/2458227821427467787024407809, -927356351817091438673077184479470916517192901363/90307915475780884091915669679233, 54866487993983506264339007351715994365590145979878103957/3317641890833762338884705957005982721, -129034351209958527429623871087194928698156189612281858017475635/121880210143559927043607442742528787221377, 9461110979426559909745693512723229388728674760169769146177111083991533/4477513280043961039801006624032280056151726849}}"
"{0.9054368042961983, 0.1883304322021322, 0.03546835169344191, 1885423/73857, Sqrt[7880118431/85230978]/2, 7880118431/340923912, 186754441921422849447/62096266486585901761, 5159736942380339/(126081894896*Sqrt[7880118431]), {1885423/73857, 49838225/73857, 1363213003/73857, 38546024753/73857, 1125035381923/73857, 33826624870985/73857, 1045226041451803/73857, 33102418785633473/73857, 1071537496551286483/73857, 35357493207384346745/73857}, {0, 126081894896/5454856449, 20638947769521356/402879332753793, 15936379043961416486144/9918486293065629867, 15519533245243550661111074140/2197648926440844675261057, 27282138718788002465387875429098736/162311756760141465180755886849, 3698599886057196114258931407304261451252/3995953139677922731285029178335531, 2661938782141968607569437575964717091971480096/126483904730225288213365028581854562743, 8242349117467540814640861247213817453513047798755740/65392052261621743781021506411790227083568257, 1552924413759140128541710527102750303310654226333922826064/536628978209621903381656155450621200190122306361}}","{24.152503854673533, 0.12054456574687766, 0.014530992331103311, 122760472/73857, Sqrt[6843157160503/42615489]/2, 6843157160503/170461956, 6422964339180932756493681867/2997043195093982829005632576, 367112801093040006701/(218981029136096*Sqrt[13686314321006]), {122760472/73857, 69003229280/24619, 354203967154612/73857, 204968900657408016/24619, 1082715408313852592812/73857, 644174936946881388341080/24619, 3493919078501114242577548372/73857, 2130901294626529458917055930176/24619, 11825140615725097353560556932395132/73857, 7363846224217575812618326533807583080/24619}, {0, 218981029136096/5454856449, 1468451204372160026804/402879332753793, 34255809808964974701299636624/9918486293065629867, 1133137417390319679129543648532031020/2197648926440844675261057, 62505025326581925536620753435817653393118536/162311756760141465180755886849, 274319556903155075297162559967713093566900383071068/3995953139677922731285029178335531, 6141263130344380601327041432666240974689192320692018725696/126483904730225288213365028581854562743, 625082324120218458591797213756658192592315100825106040166595222140/65392052261621743781021506411790227083568257, 3537778114504921891937041022366824404363807414961767539195905783991774264/536628978209621903381656155450621200190122306361}}"
"{1.4724476020566424, 0.23424216602702772, 0.054869392345033616, 402452/14997, Sqrt[5554341218/140566881], 5554341218/140566881, 173006949634445580465/61701412731947447048, (168816974561033*Sqrt[5/2777170609])/11108682436, {402452/14997, 56962912/74985, 1699660048/74985, 53307507232/74985, 349908960248/14997, 59752603071592/74985, 2111112324955408/74985, 76721775945772432/74985, 570694082613670952/14997, 108144222256424868472/74985}, {0, 44434729744/1124550045, 2701071592976528/16864877024865, 369081492553483904992/84307520247300135, 28777839752436294832758776/758615928689256074757, 40341074433632464486360835326664/56884815412763866765653645, 2347354257412760934831284719652272016/284367192248406569961502571355, 1737536462863430360058917950392146081428816/12793964346448059989137962187832805, 69261504485066384611512086854755475242703335400/38374216660736311131420403786185715317, 9049644316707611476511220404812264185712600560309976/319721181811701365576617664211903984782805}}","{49.71720976141018, 0.1673440020643479, 0.028004015026912476, 133125374/74985, Sqrt[248145381412507/702834405]/2, 248145381412507/2811337620, 417176155913320519512677257431/123152260632717149060992050098, (2851701195551403402067*Sqrt[2/248145381412507])/248145381412507, {133125374/74985, 242964005674/74985, 456877840557056/74985, 177297894373257542/14997, 1775471046963553316864/74985, 3667076762664071832500374/74985, 7794383833904309236818371096/74985, 3399679589726720894412272195078/14997, 37905606924605999838794112356298704/74985, 86126725728713914313254014942339883174/74985}, {0, 496290762825014/5622750225, 11406804782205613608268/421621925621625, 278117437275547013008451504954/10538440030912516875, 33877850472603697342728130781981372396/2370674777153925233615625, 384731155971060922346466978585445293437524694/35553009632977416728533528125, 30685256189906319086748850922469287579292456449830228/4443237378881352655648477677421875, 4940990254886982202322659876977360505586663962389974193666638/999528464566254686651403295924437890625, 251026031480191926384813016210965035625483726188438615856685844153932/74949641915500607678555476144893975228515625, 1480434984214295036575367357694340773036316811213718685549693577292247000574/624455433225979229641831375413874970278916015625}}"
"{1.0292969636615266, 0.19792793312307783, 0.03917546671037357, 989138/37647, (2*Sqrt[19164265927/314950619])/3, 76657063708/2834555571, 3343481680143604027935/734538177041546338658, 2869206426014867/(19164265927*Sqrt[38328531854]), {989138/37647, 27006734/37647, 767123618/37647, 22708347410/37647, 701901736898/37647, 22688623235234/37647, 767321056834538/37647, 27119471576251970/37647, 998778014289710258/37647, 38166291029332494434/37647}, {0, 38328531854/1417296609, 5738412852029734/53356965439023, 2228987786762402685290/669576559294299627, 2927075942662590457178109830/75622646183257494173007, 2270989315654176214450455518818894/2846965760861094883131194529, 463081989452151341865972471259844967178/35726573333045879688413360144421, 999986042569255260370915662134801525363460830/4034994918807534697889093308071052161, 680389268351906070166313469320736096140239930237270/151905453708347258771430695768950900705167, 54113653162010953760126208548895819788734786688889593726/635420512862016583440894600401521617649713561}}","{29.044482341823898, 0.12939435935778767, 0.016742900233612294, 21769180/12549, 4*Sqrt[991788515734/314950619], 15868616251744/314950619, 76924437580709122577585061/31476622718139224497880192, 4789637146971735959/(31737232503488*Sqrt[495894257867]), {21769180/12549, 12798669376/4183, 68830912344239/12549, 125347517810083298/12549, 77248441063893675705/4183, 434664303530634774462418/12549, 826411420962677605019853139/12549, 530451651911946012606086572126/4183, 3100866727331538673300343140434155/12549, 6108837083073862215971571695106214658/12549}, {0, 7934308125872/157477401, 4789637146971735959/1976183905149, 51282958387139415051723374/8266377275238267, 216808588057277621234749511473315/311204305280895037749, 3944866518747323690764531501524682174882/3905302826969951828712201, 2904207968990180075103869810872586292067841873/16335881725215308499503136783, 116337068603522033221439222861277595991263871245346162/614996939309180719080794590469601, 343630546387667895342349190184387148386517330814658975460115/7717596591390908843744891315803022949, 413613786063537519038858489630242899147300204135527529081124185938/10760902180596057231128293458001348331889}}"
"{1.09549689678174, 0.20629641676803914, 0.0425582115713325, 1877636/72943, 2*Sqrt[6251568302/886768051], 25006273208/886768051, 1332226900330437399167/625313699753138611264, 1892205515815751/(100025092832*Sqrt[9377352453]), {1877636/72943, 50389408/72943, 1405109354/72943, 40546247620/72943, 1205526452306/72943, 36775963226068/72943, 1146725475079154/72943, 36427875167136340/72943, 90437353058746682/5611, 38463725102214891028/72943}, {0, 150037639248/5320681249, 11353233094894506/388106452345807, 47960168411895746370012/28309648953460200001, 7919580528615183215225919330/2064990723612247368672943, 20975269789955467692215424484043388/150626618352448159813110481249, 5376638763904974068403729699384873579906/10987157422482626121247717833745807, 11111145401816684204020714708872546158647120812/801436223868150197162172281946920400001, 3784334313660128288546932209415364489465553401270850/58459162477614479831600332762054214737272943, 6657197508326305553434395430628319454010616183933654953628/4264186688604633002356423072662520585580900281249}}","{27.28344258436138, 0.12738778353533278, 0.0162276473940448, 122638612/72943, Sqrt[122032094710819/2660304153], 122032094710819/2660304153, 64019936703841268984733679057/29783664279020597110471301522, -568231323221434451103/(122032094710819*Sqrt[244064189421638]), {122638612/72943, 209537492874/72943, 11720373065110/2353, 638494213571742942/72943, 1135644235425615305602/72943, 2041783384144768358202894/72943, 3706406441448064083423653650/72943, 218904507549278573800389486162/2353, 12519754931257294743161488441406722/72943, 23256185048607370385509926086674076814/72943}, {0, 244064189421638/5320681249, -1136462646442868902206/388106452345807, 128039873407682537969467358114/28309648953460200001, -1587817950028921321020650993880200070/2064990723612247368672943, 101819563024062237059944327812451128088922498/150626618352448159813110481249, -2051042201465158988502888268030783405492325395000806/10987157422482626121247717833745807, 102051503336992018387240907532164762495443904015046065608754/801436223868150197162172281946920400001, -2661202459080155541815180304346335728904850384214252002406384532390/58459162477614479831600332762054214737272943, 115942652992432351553542202568382127462512825488274106435851036116993610658/4264186688604633002356423072662520585580900281249}}"
"{0.8995839356198326, 0.1855700784916307, 0.03443625403138998, 966113/36983, 2*Sqrt[16070740471/2735447595], 64282961884/2735447595, 1798308700011243389503/516537398572474603682, 2314832036143419/(16070740471*Sqrt[32141480942]), {966113/36983, 26107017/36983, 730789457/36983, 21206157213/36983, 637847302073/36983, 19864319883957/36983, 639196957968017/36983, 21192029105416413/36983, 721538437239974633/36983, 25142122185211624197/36983}, {0, 32141480942/1367742289, 4629664072286838/50583213074087, 3596617400022486779006/1870718969118959521, 1147334421579450985663132890/69184799634926479965143, 644783009056810761176242081671962/2558661444898486008550883569, 271318127219297597377847766295038432678/94626976216680708054237327032327, 141217543283473052971202467786058898249079046/3499589461421502625969859065636549441, 66486726179837158758904645888872888247029984840690/129425317051751431616243297824436507976503, 34147750047174461000931873254879507506274781873069294482/4786536500524923195463525883441135374495010449}}","{35.34786674460694, 0.14173977020214787, 0.020090162456957685, 130140327/73966, Sqrt[340252530927481/5470895190], 340252530927481/5470895190, 283660055290701705081428498353/115771784802556414414081005361, 4169793781264621976592/(340252530927481*Sqrt[340252530927481]), {130140327/73966, 233577011635/73966, 427919389664181/73966, 800353509308921119/73966, 1527739093480071860997/73966, 2973848173487683305145975/73966, 5896215519762051738207812301/73966, 11889701102738187942793854306559/73966, 24344337233577069594630659295585717/73966, 50526444894068341913411967854710420615/73966}, {0, 340252530927481/5470969156, 521224222658077747074/50583213074087, 283660055290701705081428498353/29931503505903352336, 219493934350819722182886983857360485/69184799634926479965143, 328563659495860225398529091340015448974592681/163754332473503104547256548416, 669025931452942474294786219779763529383694881185627/757015809733445664433898616258616, 448956074623780737230903909247877103837137159569753181088353/895894902123904672248283920802956656896, 258033520353970789123629368885469155863068145753012209465361738605/1035402536414011452929946382595492063812024, 674143466226924605736181825641969901472809142990311925788438197869125669081/4901413376537521352154650504643722623482890699776}}"
"{0.840234534481472, 0.16757532985286394, 0.028081491175296153, 2378294/79485, Sqrt[1280926166/50949885], 1280926166/50949885, 17287456752098389559733/6307126963505858533264, -12057319452453211/(158834844584*Sqrt[39708711146]), {2378294/79485, 24386644/26495, 2304806306/79485, 24708334124/26495, 2427293710874/79485, 26917666135044/26495, 2724436482535826/79485, 31022566382385244/26495, 3214726260575404874/79485, 37384150878888909044/26495}, {0, 158834844584/6317865225, -24114638904906422/502175517409125, 23049942336131186079644/13305140333754766875, -28814742375441261488561464654/3172677238285492935178125, 9122772246389380226320463436926804/50436050057024481190526653125, -9958075860122521526187972452030106488282/6681515731304318145715018372734375, 5356856683166773405329439602602847752938457564/227605833386881597633782100867196484375, -30843365721338931118349081908080705576891980948844398/126638747667293986515448192012003787923828125, 3900114749599691094674266587022900676805725413401622433924/1118431206481651390908933282452680120347275390625}}","{20.802166639951704, 0.10277396358953288, 0.01056248759190263, 156540796/79485, Sqrt[129415360940827/3158892870], 129415360940827/3158892870, 98932718171218032959260269351/33496671294889061381190887858, (-812691910140758484547*Sqrt[2/129415360940827])/129415360940827, {156540796/79485, 103851257194/26495, 625897713418444/79485, 84527459784906090/5299, 2587584004646095128316/79485, 1771970325762697881239474/26495, 10986203925649764001098039004/79485, 1521834899100724260065816006474/5299, 47665636374425277550849552228778236/79485, 33326858638463499708276300626682459954/26495}, {0, 258830721881654/6317865225, -3250767640563033938188/502175517409125, 65955145447478688639506846234/13305140333754766875, -4731020075668887232991055832720858796/3172677238285492935178125, 42728168943363287927791783465186065425916614/50436050057024481190526653125, -2160490468308023039088493125881175178948269334906708/6681515731304318145715018372734375, 38093465436167246061698129094738987735210122478870996441794/227605833386881597633782100867196484375, -9050455529611974522276220086616310512750035214343025947097000376972/126638747667293986515448192012003787923828125, 39889822750248257940205280029988287422819426096918382726800657629866493774/1118431206481651390908933282452680120347275390625}}"
"{1.672705321021151, 0.24862171490763957, 0.06181275712361561, 2017007/74536, Sqrt[83823510493/3826130]/22, 83823510493/1851846920, 57677517237846606210095/21079142734110243309147, 2338885612481282/(83823510493*Sqrt[251470531479]), {2017007/74536, 8279389/10648, 1752190163/74536, 7906850725/10648, 1817123467307/74536, 5615480129393/6776, 2168165500431923/74536, 11203017391212085/10648, 2918003438799821627/74536, 15933269542424994589/10648}, {0, 251470531479/5555615296, 3508328418721923/207046670851328, 173032551713539818630285/30864861317149167616, 8909467850628254436601148955/575135825783757589356544, 195438928309817165597333739819277539/171473295642472622721117454336, 52689824432778172511900974752482223822873/6390466782003669703570605288194048, 42993639704822082150628395525970809044553886815/136091380589550150007239610217380446208, 33351555775249840250519343453217818643313678444229195/8875743750669871233322160138767335321239552, 560452870211695073009611503831854475487381423261169623495599/5292499489599436177975204224825296844031289982976}}","{62.486785698059585, 0.18824501934520155, 0.0354361873082753, 131433865/74536, Sqrt[612146992592791/11478390]/22, 612146992592791/5555540760, 786821846784943095871037093005/374723940540398519420745169681, -1602711518547077832966/(612146992592791*Sqrt[612146992592791]), {131433865/74536, 239978102681/74536, 451843661164099/74536, 124821257824648235/10648, 1728728117983594431115/74536, 498272116864736019608843/10648, 7156007399041911090207060859/74536, 14894256718485248845512459831005/74536, 31387799886246851776820856601503115/74536, 9552135144043600675566607940382060203/10648}, {0, 612146992592791/5555615296, -801355759273538916483/207046670851328, 786821846784943095871037093005/30864861317149167616, -1166239155957358287613827193487973915/575135825783757589356544, 1311281096881371594948154309120595249101082851/171473295642472622721117454336, -5898723245349721283213354757835627748326548282288153/6390466782003669703570605288194048, 353453891776413326596679828963228087059254925709448805882975/136091380589550150007239610217380446208, -3637842445545336273829717195248370081369654399796343930797500561995/8875743750669871233322160138767335321239552, 4985878100856393516630224514873156388577539233494625084539309042397614190511/5292499489599436177975204224825296844031289982976}}"
"{1.0726453308080373, 0.20824252629171394, 0.04336494975635517, 463787/18750, Sqrt[504194926/30405]/25, 504194926/19003125, 294802012684481132517/87004236135068789161, 214297926293806/(9327606131*Sqrt[9327606131]), {463787/18750, 5984693/9375, 321286253/18750, 895018294/1875, 258341240267/18750, 3857773987253/9375, 238067077163393/18750, 757568044752172/1875, 248096792378160167/18750, 4170922690687868363/9375}, {0, 9327606131/351562500, 107148963146903/3295898437500, 98267337561493710839/41198730468750000, 5508100249513088078225207/579357147216796875000, 2941981041407647188628014946091/8690357208251953125000000, 327791559722387648506353654517743383/135786831378936767578125000000, 933673662331683528999511369665006177412553/15276018530130386352539062500000000, 21926449163597855155763410994857134507249206327/35803168429993093013763427734375000000, 7657127025410398907752182748913617115126053935119651/596719473833218216896057128906250000000000}}","{34.11813268229058, 0.14356123756995073, 0.020609828932615835, 124157263/75000, Sqrt[317696811923831/2249970]/50, 317696811923831/5624925000, 249472543222033706291337850317/100931264306566047059345716561, 393465892408734905894/(317696811923831*Sqrt[317696811923831]), {124157263/75000, 209769636901/75000, 361353599558557/75000, 633959660944031881/75000, 1131423168147313205773/75000, 2051647708002680512572961/75000, 3775453440203552949865533397/75000, 7042072514203680057572636762761/75000, 13297889617748480794801080193996093/75000, 25393217478387376646764614371157444721/75000}, {0, 317696811923831/5625000000, 196732946204367452947/210937500000000, 83157514407344568763779283439/10546875000000000000, 107594683504102288945982742997020043/593261718750000000000000, 48787033424480183905513139779841824022265191/35595703125000000000000000000, 51103503420494113750199805426582063766388666155267/2224731445312500000000000000000000, 261546518701377834691645104079143184910053841257501402332953/1001129150390625000000000000000000000000, 972505800436437644229119568912470383077572321016447773264032123/9385585784912109375000000000000000000000000, 32959393039261999629533655182256856554148175711739107878192190585137528151/625705718994140625000000000000000000000000000000}}"
"{1.1702919394023366, 0.20944090162521659, 0.04386549127358365, 1946534/72961, Sqrt[83101916063/848730]/56, 83101916063/2661617280, 37217997739040108733845/13811856906683794839938, 16743904180339827/(83101916063*Sqrt[166203832126]), {1946534/72961, 54209762/72961, 1574107610/72961, 47555155226/72961, 1490356233914/72961, 6898044201446/10423, 1611521423469050/72961, 55207739781210266/72961, 1935098071922889914/72961, 69197020761487893482/72961}, {0, 166203832126/5323307521, 33487808360679654/388393840039681, 74435995478080217467690/28337602963135165441, 36225403999897856082976775070/2067539849793304805740801, 52340633201695299562796194359007066/150849774980769311931654581761, 38265957589927739669491158171374470652334/11006150432371909767845449939864321, 6900046842417920759039811909022400377134980950/114717105956612415510253124723205817783, 44060608467613667421897345767037934290603567728628510/58589123373902789136305047630508737698858241, 53264058128335228816409867544097662639148655841263458388506/4274721030483321398173952580169548011246396121601}}","{32.368361315296106, 0.13642640128178918, 0.018612162966699767, 126886274/72961, Sqrt[37456758956587/848730]/28, 37456758956587/665404320, 52962577052610886756519244573/22448140664509767119211017104, 1022499025169216337555/(299654071652696*Sqrt[74913517913174]), {126886274/72961, 224774613852/72961, 57939167163218/10423, 745147410401680884/72961, 1393172732916286101134/72961, 2648496405915667857093492/72961, 5114306566331580541492970846/72961, 10020142668995977583883116219604/72961, 2842106666659460276379764826620642/10423, 39980792680693744415942679467402593332/72961}, {0, 299654071652696/5323307521, 2044998050338432675110/388393840039681, 211850308210443547026076978292/28337602963135165441, 3227676898086725208902106254643548790/2067539849793304805740801, 200717073347725259643077791816621957738866236/150849774980769311931654581761, 4609499514566164246408623125484245171284426086897630/11006150432371909767845449939864321, 31767840206326564346379008139443293003486581271850029990316/114717105956612415510253124723205817783, 6379848577809490148123696889927358617081401785311783962925536404710/58589123373902789136305047630508737698858241, 270673686707303907874107329946429294770278005813696850876287814079691272876/4274721030483321398173952580169548011246396121601}}"
"{0.4089344535535769, 0.11820045178013251, 0.013971346801027431, 2233644/76313, Sqrt[8713056037/162163]/67, 8713056037/727949707, 71615072820721943453/24789337307396618896, -635122973312097/(69704448296*Sqrt[17426112074]), {2233644/76313, 66291064/76313, 1993558398/76313, 60710451508/76313, 1871117761614/76313, 58330392702124/76313, 1838249482127478/76313, 58532054094701908/76313, 1882045269534476094/76313, 61077856249993849084/76313}, {0, 69704448296/5823673969, -1270245946624194/444422031596297, 14036554272861500916788/33915178497208212961, -1331635022164370765523567330/2588169016657450355692793, 4231500877630016907797803189011356/197510942168180008993984112209, -806347013260482298032475201603587249594/15072652529680321026357909555005417, 1583701201022801032153031581876944366267467828/1150239332497494338484451151871128387521, -445554363011198609891895303447892308126339385054770/87778214180881285452763920752741420636890073, 672898802681123332924237039345336085057334917318513616716/6698618858785593536756773084403956033062992140849}}","{8.62725148299779, 0.06675324590731205, 0.004455995839162072, 147749564/76313, (3*Sqrt[5404045494181/162163])/134, 48636409447629/2911798828, 3732002950506661051769190773/1577000215971610299262481094, -15541112922340652677/(16212136482543*Sqrt[10808090988362]), {147749564/76313, 287332518458/76313, 561192042659726/76313, 1100629109647641518/76313, 2167236343724059838054/76313, 4283903977007692474714478/76313, 8499119028474695636662209686/76313, 16921631847661020981354727878878/76313, 33804890887745917369055849050515494/76313, 67752050263901575125915576869692195598/76313}, {0, 97272818895258/5823673969, -279740032602131748186/444422031596297, 22392017703039966310615144638/33915178497208212961, -133505164924592139092226638996026050/2588169016657450355692793, 6671369428947744846205798715210372977296558/197510942168180008993984112209, -61809145786172159133360895018718036340091796468706/15072652529680321026357909555005417, 2292439258859762361450793481390344649919311247945159371598/1150239332497494338484451151871128387521, -28587333696452554457852657790314258691212458139305537888825288290/87778214180881285452763920752741420636890073, 867957223143921062242672049069126706004243803602144114608910441062598958/6698618858785593536756773084403956033062992140849}}"
"{1.0264328060635375, 0.1947572653763932, 0.03793039241689085, 1032998/38173, 2*Sqrt[20237208817/2914317685], 80948835268/2914317685, 1361231385491252289611/409544620702862539489, 315875342100261/(5782059662*Sqrt[40474417634]), {1032998/38173, 29014206/38173, 844054535/38173, 25391334180/38173, 788819683823/38173, 25274393780616/38173, 833997562640915/38173, 28294337527371780/38173, 985037211118892423/38173, 35116759018615714176/38173}, {0, 40474417634/1457177929, 2211127394701827/55624853083717, 5444925541965009158444/2123367516764729041, 844446473193467194928025855/81055308217460001682093, 1127785733152283339901399397459004/3094124280585100644210536089, 310044841749977544022070953529511199047/118112006162775046891448794125397, 296806764277402824921940781219701410587432324/4508689611251611864987274818148779681, 114788580435202197201099041074558461141304138965375/172110208530307779722159241633193366762813, 90835817686610014518078388996392336375292806749203193324/6569962990227438875333984730863890389436860649}}","{30.14324639414863, 0.12947920026462684, 0.016764863301167342, 137270209/76346, 9*Sqrt[3899975681789/5828635370], 315898030224909/5828635370, 104219861437220422593644023955/33263855166659173369708019427, 33309957013317159844/(86154008243157*Sqrt[3899975681789]), {137270209/76346, 250949732915/76346, 466275776379739/76346, 880213647145900727/76346, 1687585734727618830979/76346, 3284747050474697947595255/76346, 6487699549788587423636047459/76346, 12995307175168297653385590165287/76346, 26381594207264995705219701624548899/76346, 54238318141334284589408218316238387095/76346}, {0, 315898030224909/5828711716, 274807145359866568713/111249706167434, 312659584311661267780932071865/33973880268235664656, 194502389148636424189103806297124565/324221232869840006728372, 416708305738487425743426192630275108329629189/198023953957446441229474309696, 551318708115874239562006763972230714462232703232803/3779584197208801500526361412012704, 618980503258133717592195536355511380387664430067199424785905/1154224540480412637436742353446087598336, 200947904745538418450440756827545461583106291322206624333752263725/5507526672969848951109095732262187736410016, 966428671599196528246273083322020427170442969755775479964892132935403244669/6727642101992897408342000364404623758783345304576}}"
"{0.9068726757975459, 0.1861151152932086, 0.034638836140604326, 1899051/72536, Sqrt[24983918579/263069938]/2, 24983918579/1052279752, 50737631264815263808573/15604904689052534481025, 16503332088767214/(124919592895*Sqrt[124919592895]), {1899051/72536, 51440861/72536, 1440075675/72536, 41622958925/72536, 1240757254611/72536, 38096760004421/72536, 1202946490511115/72536, 38988550540619165/72536, 1294280014888159491/72536, 43906098022118224181/72536}, {0, 124919592895/5261471296, 8251666044383607/190823040963328, 50737631264815263808573/27683080198631919616, 4105913498727476016449688855/502004976321991230316544, 30894669225424457132631647593908475/145653731849967823528963342336, 7826498043661637750866132581173146658277/5282569546734633023748442499842048, 23140462331136055317683307705005179458528045433/766352929283886682021234050337085587456, 1891076327766220758855134253659327518400812673400855/6948522009817000545886529134406355021463552, 19562190346167093168790393381768506303041803876189684128055/4032143940032687612771402218346394942695041662976}}","{19.74983296028486, 0.1070120038740768, 0.01145156897314543, 125098481/72536, (3*Sqrt[19912260676159/1315349690])/2, 179210346085431/5261398760, 25181055574314929245497036655/10705449381353318048516818587, 387477653754095054302/(179210346085431*Sqrt[19912260676159]), {125098481/72536, 218220473897/72536, 385094601864755/72536, 687536440445697221/72536, 1241792163848558610371/72536, 2268485800777343841669437/72536, 4189963292162452915838785355/72536, 7821231599965084892885096338661/72536, 14746689045509708466509423505625331/72536, 28067420564750696693844708736168372877/72536}, {0, 179210346085431/5261471296, 581216480631142581453/190823040963328, 75543166722944787736491109965/27683080198631919616, 249673046834206959759536645459950485/502004976321991230316544, 42965700567486286410495463054212488022846531/145653731849967823528963342336, 395128665727304591816620227500999408613587724252183/5282569546734633023748442499842048, 28778688286243181218288539756738565088143097417426316323865/766352929283886682021234050337085587456, 79668413699281083202095183174225032858452488032692990376861362725/6948522009817000545886529134406355021463552, 21370859447867092434327849682876577136747827387608553230354881552233006031/4032143940032687612771402218346394942695041662976}}"
"{2.1128616676795513, 0.2781789172081696, 0.07738350997910969, 2135701/78220, Sqrt[352958605099/169952505]/6, 352958605099/6118290180, 454087848290513724632197/124579776913431828799801, 221399581366132302/(352958605099*Sqrt[352958605099]), {2135701/78220, 12565015/15644, 1997957689/78220, 68556542339/78220, 2519973548041/78220, 19637526062215/15644, 4009445324552809/78220, 169808633534685059/78220, 7395494153354334601/78220, 65806697940753628615/15644}, {0, 352958605099/6118368400, 110699790683066151/239289388124000, 454087848290513724632197/37434431878118560000, 142629451654946266743439606251/732030315376608440800000, 189777981737938134949656730177248899/45807529015006649791500800000, 718392244161979321125980353748892848949453/8957662298884550366727981440000000, 2352182651845132367981174356370296782487381557193/1401336690037499059370925416473600000000, 475227327605356930549774481567316833112605058433372851/13701569486841647052999223259570624000000000, 6326026946611838084831209404992422085229968521042706931917491/8573894122086029059884793946908913674240000000000}}","{76.4638856713615, 0.20609383818796503, 0.04247467013904711, 140813457/78220, Sqrt[842195242561771/169952505]/6, 842195242561771/6118290180, 2124654408385134176424967292677/709292826593680290902750656441, 25869571822935372372366/(842195242561771*Sqrt[842195242561771]), {140813457/78220, 264262655521/78220, 518725968116241/78220, 1065778285988782849/78220, 2287208090557606167057/78220, 5104234230056007364424401/78220, 11777366939702414551240874961/78220, 27928535341988304143631323939809/78220, 67690716217777889791138639735127697/78220, 166901960745898528087804292975597735281/78220}, {0, 842195242561771/6118368400, 12934785911467686186183/239289388124000, 2124654408385134176424967292677/37434431878118560000, 29184809044620783627157281283763768907/732030315376608440800000, 1584267065633717281788096434106434740232835011/45807529015006649791500800000, 251848850743827283530959875918828371081667480455512109/8957662298884550366727981440000000, 33729301583744547336324638995347758764365619826863968889618633/1401336690037499059370925416473600000000, 280756789036707519687507159350391613767498188518159802694641955171987/13701569486841647052999223259570624000000000, 152110445953458331291920596759848014369507681248054594649871243113991075340659/8573894122086029059884793946908913674240000000000}}"
"{1.0623852327627095, 0.18830998016448022, 0.03546064862954693, 2331842/77833, Sqrt[32135723771/252412419]/2, 32135723771/1009649676, 16677539787175581774403/6196228453716086762646, (-1130394839007890*Sqrt[2/96407171313])/32135723771, {2331842/77833, 72338230/77833, 2313418556/77833, 75990600034/77833, 2555699601692/77833, 87760961325850/77833, 3069581099321396/77833, 109124191114327234/77833, 3935757327267845612/77833, 143785379542814936170/77833}, {0, 192814342626/6057975889, -13564738068094680/471510437368537, 100065238723053490646418/36699071871705340321, -28784689172190102540490033560/2856398860990441753204393, 83137175239902285130846924197009906/222322092547469052977157520369, -46190055262808397473573350475617420326360/17303995429247158800371101282880377, 12960773760065039745699304846838483674532230494/192403125177799158701326275164346911863, -70733334768914741574912432400442662171722350761510680/104827187093745493434402295824066292337230153, 115147622451876686155688398997244527077433750275124492071986/8159014453067492990479833890874551731483634498449}}","{31.567458815547425, 0.12809998219315585, 0.016409605437886846, 149728769/77833, Sqrt[30656447073431/504824838], 30656447073431/504824838, 77821087599685285175485785779/11277812965992913496473341132, -815190398108724578417/(61312894146862*Sqrt[91969341220293]), {149728769/77833, 292762473901/77833, 579762654539681/77833, 1160435392159978741/77833, 2344787423274053140169/77833, 4779393498900302770001341/77833, 9822262564882208269445283521/77833, 20345104900546328382714206143621/77833, 42460823607355217471670486550322489/77833, 89265303914188662676969010537107834381/77833}, {0, 367877364881172/6057975889, -9782284777304694941004/471510437368537, 933853051196223422105829429348/36699071871705340321, -56596028707427081673713716480597316700/2856398860990441753204393, 4369881173581681362087495575279895622564100052/222322092547469052977157520369, -312537874290396630748546996170136018763178269522681724/17303995429247158800371101282880377, 3371160298992997367840225837623032058613146619893460613215004/192403125177799158701326275164346911863, -1762329791748057374524571833479892862187381277506289080709374186135900/104827187093745493434402295824066292337230153, 133703635236755539180931767748042278288119887234780094483907430514558736023732/8159014453067492990479833890874551731483634498449}}"
"{0.8510406856979865, 0.17463075484155258, 0.030495900536530438, 2179264/78091, Sqrt[72414509731/3049063095], 72414509731/3049063095, 22627124176900059876091/10487722439162187384722, (2689400221178418*Sqrt[2/72414509731])/72414509731, {2179264/78091, 4820826/6007, 1854211720/78091, 56320740402/78091, 1752065518264/78091, 55685579171058/78091, 1803998654275240/78091, 59445934030275762/78091, 1988913412940548504/78091, 5189408286078280506/6007}, {0, 144829019462/6098204281, 10757600884713672/476214870507571, 45254248353800119752182/37188095452806726961, 9636944603476024094296173240/2904055562005130115111451, 21369934441256478987816989680459142/226780602892542615819168320041, 8891484477288676852664155103045395741032/17709524060481545411934673280321731, 14152247844413439623685779803760482908563862422/1382954443407064362763390571133604295521, 9089679817588033075789793286088329297818929506940440/107996295440101063152555933090394293041530411, 12067333898723077250036874599336966075827274537774254195622/8433538707212932122646245370961980737906151325401}}","{17.690201866941496, 0.09744567740128275, 0.009495660044194868, 145481783/78091, Sqrt[33495431451662/1016354365], 33495431451662/1016354365, 2995385806140128683790742073/1682915892199481874963843366, 47580602266113202345/(66990862903324*Sqrt[50243147177493]), {145481783/78091, 21046374667/6007, 519351834378185/78091, 994749578437521091/78091, 1921865478817328814953/78091, 3743752042990547407270651/78091, 7349599656703935090840870545/78091, 14533773435606379836801413781571/78091, 2225812793157478028965274584971581/6007, 57970452924021907569485402914012728331/78091}, {0, 200972588709972/6098204281, 285483613596679214070/476214870507571, 71889259347363088410977809752/37188095452806726961, 322445282000975339863425276315509670/2904055562005130115111451, 32020008595845765526422288886390172668809072/226780602892542615819168320041, 251987502378250039232621528483866467019401160493550/17709524060481545411934673280321731, 16180503006692599372182909707323232854232324043090703099992/1382954443407064362763390571133604295521, 179785492873682058844291181265586556081385899029624414427565979350/107996295440101063152555933090394293041530411, 8887075157549608973940800534012335970184314917852023140233777773190087872/8433538707212932122646245370961980737906151325401}}"
"{1.3514263727024098, 0.22079750929449976, 0.04875154011065471, 552113/19917, Sqrt[59442740870/176303071]/3, 59442740870/1586727639, 3114597284122376538222/883359860534492089225, (-10853453282560*Sqrt[10/5944274087])/5944274087, {552113/19917, 10700723/13278, 971943331/39834, 3391476519/4426, 991839552391/39834, 11098377332893/13278, 1153270766403151/39834, 13723723075100477/13278, 1512764946239211751/39834, 6345553063343166271/4426}, {0, 29721370435/793373778, -135668166032000/7900812768213, 519099547353729423037/104906991936332214, -10958305796507829555268870/3134148837593893059357, 141546753393515781805934612643995/124845684796715136126426738, -778866166777119171923768302214303600/414425250682695894371673556791, 15992925633223866984630768028676108349582271/49524646307083524769203733383638082, -487634268597189221485506659817530754683635873850/493191190249091281414115378900959839597, 219589909828691059377510921923031900132926276602369195/2182864208042478011538874667015648250056322}}","{52.77452969696185, 0.17027979205429777, 0.028995207582054892, 145004695/79668, Sqrt[609656065922147/176303071]/6, 609656065922147/6346910556, 954262605294868203236380383573/371680518715669248593465089609, -4202226753161557327270/(609656065922147*Sqrt[609656065922147]), {145004695/79668, 271577266129/79668, 521495666265025/79668, 1023505985974174789/79668, 2047783537690038342985/79668, 4167984048245749238758549/79668, 8615858346926540905195411225/79668, 18064634558606376669806393592469/79668, 38375184349651791396115200856946185/79668, 82521214778624110117768944981007334869/79668}, {0, 609656065922147/6346990224, -2101113376580778663635/252826008582816, 318087535098289401078793461191/13428094967850523392, -2610774356253653542704317106851204735/802342102424036623195392, 2030796963246407198932951891194092742594546007/255683962463672598786921959424, -4906156817607079560867215840795206010411054131707755/3394971653592644766692749777231872, 4988664461491463530913200274267281782919585440411710353113833/1622823610190512939637267935515052670976, -11407220756392730728040919270895504980207529343800501592601537414935/16160888922082223109377732735826652023914496, 1473501622504448477799123078806074175898829202659310071392169171378195128563/1144449509906174711713693521420300189725528948736}}"
"{0.7701448543081694, 0.16392585785492353, 0.026871686873472595, 2395324/83577, Sqrt[38544132389/1746257838], 38544132389/1746257838, 4963978580202960717507/1485650141620758847321, -2893909173534755/(154176529556*Sqrt[38544132389]), {2395324/83577, 70494916/83577, 2125301674/83577, 65521905808/83577, 2062811054074/83577, 66242165701576/83577, 166725479444698/6429, 5552491856028976/6429, 2444110217112578314/83577, 84047767340554074136/83577}, {0, 154176529556/6985114929, -5787818347069510/583794950421033, 26474552427749123826704/16263943523779558347, -13412811751468068480800348870/4077874823660772443901657, 63697239566006426016391155000589816/340816544137096378543968787089, -8047493683183978758677433046442073954970/9494808103115368009856426439512451, 65422391023518860184373052759788405372169825072/2380642730502219336479311657605396351681, -40069482441648784327024900701246893533925221431152950/198966977487183985484931430407686210884442937, 8774090895671873754617507934425716269485536003734484541864/1847673675271819550541568239909243383009898593961}}","{20.320179795448343, 0.10343345566769961, 0.010698479751361982, 158742149/83577, Sqrt[134794256539561/873128919]/2, 134794256539561/3492515676, 118084839904229779938149181057/36338983192105966828716145442, (-245763889952804613680*Sqrt[2/134794256539561])/134794256539561, {158742149/83577, 304732861699/83577, 590907475389947/83577, 1156853721869001319/83577, 2285643212310288418499/83577, 4555560049765366850382919/83577, 9156413706123734845256840867/83577, 18553108272787287253290821201239/83577, 2914317678088013847400284663446063/6429, 5995736595731441251446410333468204803/6429}, {0, 269588513079122/6985114929, -983055559811218454720/583794950421033, 78723226602819853292099454038/16263943523779558347, -3143070615198921586758036680083757800/4077874823660772443901657, 337070662354280238345512376168457450813368442/340816544137096378543968787089, -2474553572463230090429031618353599455640327252987280/9494808103115368009856426439512451, 566066551887872472820515011526534840351032856028310018131154/2380642730502219336479311657605396351681, -16003904407380398895003402831829439699155399158664895274877306116920/198966977487183985484931430407686210884442937, 112696605424263521752849316344808008688373374049662551388472224008218149018/1847673675271819550541568239909243383009898593961}}"
"{0.9228699778940631, 0.2026056434492736, 0.04104904675749418, 356027/15836, Sqrt[5203099005/250774937], 5203099005/250774937, 27600860987567696891/9024079751943996675, -66540089509168/(1734366335*Sqrt[5203099005]), {356027/15836, 16665613/31672, 100658377/7918, 9982804609/31672, 31620314453/3959, 6531242060173/31672, 42854697524107/7918, 4565093979183289/31672, 15397322100308978/3959, 3363572605950796933/31672}, {0, 5203099005/250778896, -12476266782969/248208412316, 82802582962703090673/62890054678978816, -1034028148722131675411145/124490863237038566272, 2200230223201639079516456023965/15771498481773941883867136, -40445426185652883171779732051594013/31219681244671517959114995712, 74733160090448041324419509427520505884353/3955158977524945267204360576761856, -818681916121461287938419327779259743679481635/3914618598005314578215515880850046976, 2878927611381159706812148055946610516356487541850525/991870401888194586569934551826261502590976}}","{23.874415191467495, 0.12768862872214318, 0.016304385904941328, 46377121/31672, Sqrt[35067528596503/250774937]/2, 35067528596503/1003099748, 3794410844052737250852895117/1229731561866555664983829009, -101142729648635069190/(35067528596503*Sqrt[35067528596503]), {46377121/31672, 69016951277/31672, 104202841751065/31672, 159382194782815037/31672, 246665724841087426921/31672, 3606338076400318011511/296, 609677955239436757405867345/31672, 972190752847184268453501475037/31672, 1563635936412927206364907670681881/31672, 2535212741301812446163820284853318077/31672}, {0, 35067528596503/1003115584, -50571364824317534595/15885338388224, 3794410844052737250852895117/1006240874863661056, -6078586939568138846577983171361435/7967415247170468241408, 553379647079975361765451504733707724138083/1009375902833532280567496704, -2488500511578262332256346223054725417023380554265/15984476797271817195066877804544, 91930665719139203048007930376479192572688642314400845977/1012520698246385988404316307651035136, -123352402139732449555934333926293435297140257023521224062844875/4008569444357442128092688261990448103424, 16363039644780861065913699055648460076165615291855817644799786935113263/1015675291533511256647612981070091778653159424}}"
"{1.2596989163624057, 0.23101634895249779, 0.053368553483342226, 1624010/68803, Sqrt[70376314882/2366892003], 70376314882/2366892003, 2744267489828758258604/1238206424092603668481, 2323872689797581/(140752629764*Sqrt[35188157441]), {1624010/68803, 40378488/68803, 1050640298/68803, 28422670272/68803, 794580816770/68803, 22831755209448/68803, 671261333692778/68803, 20117293521220752/68803, 612719956708073810/68803, 18920085507131657208/68803}, {0, 140752629764/4733852809, 4647745379595162/325703274817627, 43908279837260132137664/22409362417277190481, 1757411251841295565172101170/1541831362395922536664243, 18809025829467380575913411866681664/106082623226926658290109911129, 455277276697858499771686009290891660882/7298802725882234870334432215408587, 1381797925197523208967952672169002898389891952/71739931992696486540517134245251001623, 6745837435212467365164992109779223237045319890450/34551457786254474544130402712332032652670883, 5569844197419756160370721796700913309731156832071710501664/2377243950067666612059804097816580842601714763049}}","{52.14581729095777, 0.18296197326712427, 0.033475083661799895, 107177885/68803, Sqrt[64087668714183/788964001], 64087668714183/788964001, 43278671018427047649444017423/24643375687313223003272144934, (328882295811403588178*Sqrt[2/21362556238061])/192263006142549, {107177885/68803, 172545165841/68803, 41003979382877/9829, 492496104748172389/68803, 869016879611219711555/68803, 1570990255856145143800021/68803, 2898202399872609880028004659/68803, 5436001861878548796103695943669/68803, 1476093985059248207447119573957925/9829, 19849588346596102834450088109102364501/68803}, {0, 384526012285098/4733852809, 3946587549736843058136/325703274817627, 259672026110562285896664104538/22409362417277190481, 4977313102446429971977368606062440680/1541831362395922536664243, 225018456804847687921176378963012904348973178/106082623226926658290109911129, 5702324265429995639541470048554311528229686857359176/7298802725882234870334432215408587, 32557203337903241632935108035088738334231871064849874981014/71739931992696486540517134245251001623, 6707350174905304965752413206453882643172357067375021485406035080680/34551457786254474544130402712332032652670883, 256601534088990968590361147670400343420478942192372065659801793236227267258/2377243950067666612059804097816580842601714763049}}"
"{0.9105220333766048, 0.18004010501642054, 0.03241443941432374, 698402/24863, Sqrt[23715642799/1752818]/23, 23715642799/927240722, 3019165922598394160289/1124863426739521108802, (-696267421038381*Sqrt[6/23715642799])/23715642799, {698402/24863, 1292810/1587, 603158984/24863, 55095342922/74589, 569818170912/24863, 53907677980570/74589, 574767444890224/24863, 55853318525989402/74589, 609920511907315232/24863, 60559952445915662170/74589}, {0, 47431285598/1854506307, -928356561384508/15369530103647, 2012777281732262773526/1146397880900926083, -88123760465937337705224180/9500963504279908400543, 121906560195279111412813549410158/708667366820734087688101827, -7649313703217884740941012819709491228/5873198913754637207396425241567, 8841937731744311637469466255349971434160006/438076033778044634662491962343240963, -672586875060459794408566236010529212756367342020/3630628142607841250537845886580000021023, 713310887308827335966996939685185368187209432288791518/270804922528976271036367386834115621568084547}}","{38.75429436364908, 0.14505332066667107, 0.0210404658364281, 137384984/74589, Sqrt[198562881994663/5258454]/23, 198562881994663/2781722166, 204675817490883954643312977843/78854436212052927595120967138, (-1437484628361218690606*Sqrt[2/198562881994663])/198562881994663, {137384984/74589, 258372676838/74589, 494474579363192/74589, 960233104184126126/74589, 1887581867206009559264/74589, 3748818453385974713638838/74589, 7510672877760333658025294312/74589, 15161292104333979974375151073406/74589, 655475083708183818023217552981712/1587, 2737642580275816664451421159332835306/3243}, {0, 397125763989326/5563518921, -5749938513444874762424/414977312798469, 136450544993922636428875318562/10317580928108334747, -11559623256146189753929520166183009520/2308734131540017741331949, 586848477544452000188351460352919158896864766/172206170137438383308208743961, -7100480971711124443248161605880385378778277356218968/4281562008127130524191994001102343, 973892266387077413343866832216803894294846978808004441858646/958072285872583616006869921644667986081, -39250143716609508808452226595401083423359695763065804163901057503840/71461653730950139334336420585554140413795709, 193008709762413874835536118984904932770710531360323282012822541562873803134/592250365570871104756535475006210864369400904289}}"
"{0.6962396888812651, 0.1632342145064271, 0.026645408785530258, 130832/5007, Sqrt[142526161/7834286], 142526161/7834286, 5001381394856544975/1300077220441466944, (-6608921454347*Sqrt[5/142526161])/4560837152, {130832/5007, 17548528/25035, 160604686/8345, 13513150004/25035, 77329475506/5007, 3758644260836/8345, 334918374179938/25035, 10124350535958964/25035, 20750645715839478/1669, 9724557867016377788/25035}, {0, 2280418576/125350245, -13217842908694/627628676715, 266740341059015732/209502452287467, -15351958692071559744910/3146936335810041807, 11691589935144710312590602836/78783551167004396638245, -129131435267181065777894141422858/131489746897730337989230905, 8590179813166404665762109189666739100/395021497630161481387247484801, -381643394796870372133484703998536454514398/1977872638634218537305948156398607, 19844174419583427448009267608088023142927163044/5501782389800851231272712455048791805}}","{16.313520131541644, 0.09800018207795526, 0.009604035687312383, 8504945/5007, (5*Sqrt[69468992681/3917143])/4, 1736724817025/62674288, 180525841414362672477621/48259409441128315677610, (-21639724272926269*Sqrt[2/347344963405])/1736724817025, {8504945/5007, 14585336405/5007, 126227323987751/25035, 44094028823721553/5007, 25901014152035685625/1669, 46045051817716112495827/1669, 1238506807197917327512357711/25035, 447977394003022319385847098449/5007, 816999580859682257500606662643579/5007, 1502257393731823819679553076938960937/5007}, {0, 694689926810/25070049, -86558897091705076/627628676715, 601752804714542241592070/209502452287467, -774252167518788752105280828700/3146936335810041807, 6858599048003320480454077702703806042/15756710233400879327649, -11361221337519432190426165504582463779423612/131489746897730337989230905, 31122459683863399002361177448281670130436200503714/395021497630161481387247484801, -46847949068567092199811829763872722166240618877903457836/1977872638634218537305948156398607, 17537353514579589680443839854583180955349093559334535813582426/1100356477960170246254542491009758361}}"
"{0.6244999563255037, 0.15900545381484216, 0.0252827343428639, 581972/23561, 4*Sqrt[802774103/832669301], 12844385648/832669301, 25211199167109852663/10311140167159273744, (-71400856424481*Sqrt[3/1605548206])/25688771296, {581972/23561, 44215568/70683, 381833812/23561, 30293291264/70683, 272036195972/23561, 22355946494048/70683, 207221082741252/23561, 17522274190480064/70683, 166653550392216772/23561, 14424607908652663328/70683}, {0, 25688771296/1665362163, -95201141899308/13079199307481, 537838915565010190144/924477044650679523, -6217287133226472517695100/7260534549671553413801, 16849410622247768355667310044096/513196363574434409947696083, -329759267400260705237106424354653308/4030473174059083044259222470521, 659896903738872257025007427398135828788544/284885935362018166817374621883835843, -16655571302872127881200356579370929633497705020/2237399174354836676128054488735018765641, 29195032744881574532827708175889619232774079609935296/158146085840922920778759275427257331411802803}}","{20.74440530712781, 0.11296553808034086, 0.012761212793780941, 114901054/70683, Sqrt[84237183129454/2498007903], 84237183129454/2498007903, 14612801707022872970166949077/7095903021585169592922338116, -94348459436761522874/(42118591564727*Sqrt[42118591564727]), {114901054/70683, 63054890976/23561, 315100940845312/70683, 176848951572293860/23561, 902064304180848036544/70683, 515780462379350677052636/23561, 2675436794828354023005874792/70683, 1553109781818410625393762125220/23561, 8167131935065597962686771081427184/70683, 4800047140155878978166039164662876396/23561}, {0, 168474366258908/4996086489, -754787675494092182992/353138381301987, 19483735609363830626889265436/8320293401856115707, -481016437193333133067482818937124760/1764309895570187479553643, 25216415183393087705335070111418867782816908/124706716348587561617290148169, -88230409015898230366111218375166234935897962545744/2938214943889071539264973181009809, 11999634916640895499634450405043062947914249212112489607748/623045540636733730829598298059948988641, -143605454487483030006435144215193310632182417184142467793670282440/44038727948826250296228496501771374364111803, 671582176909795469801987548693537884928163350953534960525147485913112412/345865489734098427743146535359411783797612730161}}"
"{0.6834107616139735, 0.1698112997278524, 0.02883587751526252, 1618403/68287, Sqrt[37763319778/2331523041], 37763319778/2331523041, 1324731864555669523391/356517080163871492321, -2402951680024029/(75526639556*Sqrt[18881659889]), {1618403/68287, 39462195/68287, 986649317/68287, 25240610655/68287, 659655788453/68287, 17589716205495/68287, 477991036400237/68287, 13222654133694015/68287, 371951599462587413/68287, 10628321652346311495/68287}, {0, 75526639556/4663114369, -4805903360048058/318430090915903, 21195709832890712374256/21744635618374268161, -6034830247796738136570604050/1484875932471923649910207, 10906593868017222429529416147822656/101397722800710250281418305409, -5697661999273134982898643051354040624338/6924146296892100860967211821464383, 7423327475205264576196285773413211807161346656/472829178175870891492867993652338321921, -5120081905418920929289845052827183844427318985268530/32288086090095695567373476682537226989019327, 5775487993997121401321287492403830172960388912166568094656/2204856534834364763209232602220419619399162782849}}","{22.949510178514796, 0.1210915248324777, 0.014663157386254564, 106876927/68287, Sqrt[27915010924641/777174347], 27915010924641/777174347, 11035807125584663396087278441/4675487009536958266685873286, (8331105011151343970*Sqrt[2/9305003641547])/83745032773923, {106876927/68287, 169727292025/68287, 273341594244421/68287, 446143847954383237/68287, 32064632730743777579/2969, 1233699326942945261318245/68287, 2086822346903525566545880141/68287, 3566281504197666707037333564757/68287, 6152201811344608755439799630210077/68287, 10704535032696013695817567388073368965/68287}, {0, 167490065547846/4663114369, 99973260133816127640/318430090915903, 66214842753507980376523670646/21744635618374268161, -221649009360472224852455372299908360/1484875932471923649910207, 37779171294248405556329871715353642836471046/101397722800710250281418305409, -363576301465086997715678099590252254479563383326280/6924146296892100860967211821464383, 25780479438847146806787321335252736377519956929837589983126/472829178175870891492867993652338321921, -403136510131706526120688672953725583017590993641249670911777016200/32288086090095695567373476682537226989019327, 19571151672243680611998006664804313897475455052882045760959444633715633446/2204856534834364763209232602220419619399162782849}}"
"{1.158038868970497, 0.22001674300826812, 0.0484073672039663, 816030/34111, 2*Sqrt[16117116734/2327086531], 64468466936/2327086531, 364105471802338133855/129880725908691413378, -88283155549689/(8058558367*Sqrt[8058558367]), {816030/34111, 1860608/3101, 534226248/34111, 14432440600/34111, 401834172000/34111, 1641591523144/4873, 336539079610368/34111, 10068470295973240/34111, 307014081219581760/34111, 9521897717568462328/34111}, {0, 32234233468/1163560321, -706265244397512/39690206109631, 2912843774418705070840/1353872620605623041, -161524901158151008294626000/46181948961478407551551, 368679343491159138708733802794408/1575312461024989959990956161, -34068358338291094884180940705793844432/53735483358023432525251505607871, 7932275899371595193303381536643493117087160/261853010403648186695550586827155383, -7341706480005797871236050388820936398422077941040/62524476265151903074603482470827680886591, 9350727435247428348636112543060220770134004855305575848/2132772409880596565777799390562403022722505601}}","{28.855356767151918, 0.13471952387610747, 0.018149350113405092, 1408637/886, Sqrt[2772960102773/60443806], 2772960102773/60443806, 2946812880546205025611135/1098472533081549531755647, (-335652459152180832*Sqrt[11/396137157539])/2772960102773, {1408637/886, 25082367193/9746, 26242784884067/6202, 481031999120017903/68222, 810943536115928354929/68222, 1380982767432630292740511/68222, 338934090453437038975427671/9746, 53347615286037196343515900619/886, 651013764707306394841829381276819/6202, 12561015982854425820114536629712742271/68222}, {0, 396137157539/8634956, -41956557394022604/6694249639, 267892080049655002328285/47448841441232, -2260665705655974460929390630/1313739797404111, 38826360793333561181133743114030213/37247150736001355072, -63694256566646676279331380399585962463/147325783714719645508, 89007179095029118153853082657780555788685985/379725510898157399040256, -22454947387354150540465675054996805152636474445715/202387764097610109979096444, 122104124266129827438349723218760458246087413336136633823/2086581050071069759319033592832}}"
"{1.2651809030108394, 0.21293298429373697, 0.04534045580023684, 2111804/75681, (397*Sqrt[64147/7954914])/6, 10110144523/286376904, 11685777637317194167563/5110751113797344876450, -9665785011888721/(80274547512620*Sqrt[320735]), {2111804/75681, 61599596/75681, 1864607822/75681, 58204193528/75681, 1864047476174/75681, 61001435352176/75681, 2033444643953942/75681, 68875070926713368/75681, 2365829479120845374/75681, 82284701011509486656/75681}, {0, 202202890460/5727613761, -19331570023777442/433471537046241, 31162073699512517780168/10935186465065521707, -19244881675063503803835219730/2482757540587871244922401, 59101418378836158257865951582779200/187897573429230683686972230081, -5928693372158442527625778918214782464494/4740092084899202457371248448253387, 44064139342882802809560417906207753154197225944/1076204727231769623528940361436793744641, -16710021836071922231510026477910917994399050681698530/81448249961627556878293735493897987388175521, 4038822056533995750146228222808574572601146379964560248560/684898333927326125789572021768188175947167956089}}","{43.21564649033583, 0.15382166608666895, 0.023661104957678678, 138226991/75681, Sqrt[226039842577639/19887285]/12, 226039842577639/2863769040, 207088407339405185819495299665/102188020865047641839485628642, -427423046711399718823/(226039842577639*Sqrt[452079685155278]), {138226991/75681, 258437133839/75681, 493691772601079/75681, 961618060217935055/75681, 1905900640055760836351/75681, 3836225337956914818782279/75681, 7827963226163106816452547479/75681, 16168112110691088884293919000735/75681, 33755936261983065132119954827044911/75681, 71156933545816854995341541573089252919/75681}, {0, 452079685155278/5727613761, -854846093422799437646/433471537046241, 138058938226270123879663533110/10935186465065521707, -464481831864391361878949841960412750/2482757540587871244922401, 461951353102338372619829998219205719959860938/187897573429230683686972230081, 173825829547504601197353791927477089761470397287278/4740092084899202457371248448253387, 565078671412046265472648156459822294685483715275394070775810/1076204727231769623528940361436793744641, 2198308263969258499358981800710504487781992763536636163128855165570/81448249961627556878293735493897987388175521, 80869557449780322765234953629794335106472815384791414475211624360625545322/684898333927326125789572021768188175947167956089}}"
"{0.7164414142845866, 0.16287165035512086, 0.02652717448940074, 389777/14432, Sqrt[20150572859/65087418]/4, 20150572859/1041398688, 1354637825916966470965/406045586545867433881, (550889621979978*Sqrt[5/20150572859])/20150572859, {389777/14432, 54031397/72160, 1537334653/72160, 44879857541/72160, 268777977161/14432, 3750804164287/6560, 117993528001463/6560, 41804525612274341/72160, 275448546460965545/14432, 46356620410984580117/72160}, {0, 20150572859/1041413120, 275444810989989/7514837073920, 270927565183393294193/216908257301626880, 965618650443497068493025/156520998468853956608, 6439643972997869955743709653159/45178220998050006035333120, 348516266213247279866484188707653999/326006042721928843550963793920, 197518282482179680838396426479818207171293/9409838417125754140255018947706880, 666344171853204649236386329432320939861386337/3395069700898972093804010836332642304, 6825277286370892320764088430718764747563300849917459/1959905836934958610311179375598107749253120}}","{18.130161102001196, 0.1011758975948135, 0.01023656225411619, 2323707/1312, Sqrt[3039999662977/5917038]/4, 3039999662977/94672608, 22620080302838194645489405/9241597950900273584502529, (87721752342063978*Sqrt[55/3039999662977])/3039999662977, {2323707/1312, 228672852031/72160, 82653043470273/14432, 754199402790922591/72160, 277904903032105063449/14432, 2583632526402082215029191/72160, 969295360602949704976635057/14432, 833476482891211210831267464461/6560, 3496747533280971492332257075428489/14432, 33596030398723016714295978615869760151/72160}, {0, 3039999662977/94673920, 43860876171031989/62106091520, 411274187324330811736171/162966384148480, 989885504646279837465586281/10690594800140288, 73239374891322960813115107163056757/280521207555681157120, 2192280696324705482748529140889632617199/184021912156526839070720, 1352589509579223225938397684795043922639382461/43897590681702402338324480, 23974209077743358644574145361476159692594400885273/15838250717958226763667472384, 3251727511174827852783971115431932165315488233748393999337/831191397678447740557268950712320}}"
"{0.75699676704473, 0.16935818775279757, 0.028682195758911833, 22724/861, Sqrt[78681923/3938214], 78681923/3938214, 1172510002953259035/396214080446587456, (-789176081749*Sqrt[85/78681923])/2517821536, {22724/861, 52440448/73185, 1459088678/73185, 41482422124/73185, 240437207782/14637, 35443542810268/73185, 1061261120898638/73185, 32224643800072924/73185, 198200751336333670/14637, 751980407023942268/1785}, {0, 1258910768/63012285, -1578352163498/54253577385, 18392313771815828/15570776709495, -42995820148162397930/8043863248125117, 3987939644611463146511068/34628831283178628685, -8939656574629936565492509766/9938474578272266432595, 55101248328533036929095101136212/3667297119382466313627555, -677544907769614939328232855922737226/4420559947703624894446654797, 4868803097183366687619759948468410487452/2114501174984900574510316544565}}","{22.560767041245175, 0.11516755809105667, 0.013263566436656911, 5927838/3485, Sqrt[4893688649073/7970195]/4, 4893688649073/127523120, 1586854057264158848232477/760259955367172182341566, -175729009878483251/(1631229549691*Sqrt[466065585626]), {5927838/3485, 10216737142/3485, 124803414780014/24395, 220338169902619362/24395, 56172736504801501058/3485, 708660603572714481358274/24395, 184095383807916268068125282/3485, 337479678728869518227973884206/3485, 256586052059877126292410796147438/1435, 8105901321779633856445911415222457154/24395}, {0, 466065585626/12145225, -351458019756966502/296282763875, 3173708114528317696464954/1032545432104375, -269608118040594415677051772978/514060118697678125, 1021634322701917090845144679129487282/2508099319125971571875, -819534030516699231297152646222224297706658/6243375805110007805703125, 1567976179466708618939191379076301542017018501318/21758164680808377202875390625, -15657734147441617838365156853479784453152967736548955742/530790427388320361864145154296875, 26911045520992681951936580462557557572258709586456482281398938/1849804639448296461096545862724609375}}"
"{0.8212759483577347, 0.18564446091386713, 0.03446386586800034, 1602214/67235, Sqrt[44235259647/2260238995], 44235259647/2260238995, 3383235922270753644857/1304505464025004376406, (42198008030459*Sqrt[2/44235259647])/14745086549, {1602214/67235, 39496694/67235, 1004033656/67235, 26242662242/67235, 703340353984/67235, 1134216841042/3955, 539462947552576/67235, 15371509392777362/67235, 445238355687510304/67235, 13087331177666443634/67235}, {0, 88470519294/4520545225, 506376096365508/303938858202875, 20299415533624521869142/20435329131270300625, 46651744868792919975989196/1373969354140958662521875, 1290211107429240116383746173308134/18475765905133471134931653125, -21199169008571755118010208038804815436/6211090603158244658785648489296875, 348425267956406660443166712669722146132552554/59657525243334939947636153739696484375, -36311405322866433882108522292170113360423258036388/28077515968149372811655217576819451888671875, 1026966620724698788377467757499116668659296093558187610766/1887791786118523080991638553777455847734853515625}}","{31.736938499381143, 0.14126046717713567, 0.019954519587102624, 21386965/13447, Sqrt[22817767106698/452047799], 22817767106698/452047799, 1001190961145043990741625045/520650495735509218116463204, (-4378806253135005786*Sqrt[5/11408883553349])/11408883553349, {21386965/13447, 173469687943/67235, 286498727431373/67235, 68689281877373521/9605, 23384397403186852039/1921, 1410475175281492612333183/67235, 2456900179031953831429734653/67235, 4319401885002861189396993422887/67235, 1530895157867991567761864092099201/13447, 1951110669516200612529979198303647289/9605}, {0, 45635534213396/904109045, -35030450025080046288/12157554328115, 800952768916035192593300036/163482633050162405, -331462459240212583172151678659952/439670193325106772007, 17749331100666598321780983776075277691556/29561225448213553815890645, -58416484438390318164982981082603207490777123168/397509798602127658162281503315, 64314139262756277927867351770165908427183607009146588/763616323114687231329742767868115, -378791738214702848751665205933559348988768868888941245537296/14375688175692478879567471399331559367, 12447374598336899383969319043289374922833266745433800988037929129316/966549394492683817467718939534057394040245}}"
"{0.7890315286725845, 0.17717787524282083, 0.03139199947556058, 1752951/69742, Sqrt[32153706967/20015954]/9, 32153706967/1621292274, 2591504094110686236705/1033860871719704339089, 59959743032180/(32153706967*Sqrt[96461120901]), {1752951/69742, 45443181/69742, 1211770671/69742, 33150533949/69742, 928176494151/69742, 26539935852741/69742, 773511832485711/69742, 22940298932703789/69742, 691268252134109271/69742, 21136218961475964501/69742}, {0, 96461120901/4863946564, 44969807274135/84805340316622, 23323536846996176130345/23657976177447406096, 121942183590805157654295795/206244321820942124493404, 8005910256632847112855192306286061/115071131939489165171351854144, 171515089699007620310349916422138266925/2006322720930963339345105252927712, 3328684613694304121812472125002363700991397585/559699836812668980850425322198737961216, 23295003300754277459179485897585739358324271858795/2439661626186822503904397676299023930695392, 1558691459427853649083323023997883753664305950064416542421/2722350098136342001076808043847144431592928461824}}","{19.065925781776503, 0.10739229467041056, 0.011533104954576292, 57646913/34871, (2*Sqrt[19162939692343/30023931])/9, 76651758769372/2431938411, 1798820376321873073504462297/734436515304749662985659298, -42347195307458622837/(19162939692343*Sqrt[38325879384686]), {57646913/34871, 96397936905/34871, 162924245599697/34871, 278088240971870601/34871, 478991127124525671473/34871, 831978566673498227233665/34871, 1456313466260204903458010297/34871, 2567445901399907685580978609401/34871, 4556421302200210604233504172803553/34871, 8136170091783587131742327271300560625/34871}, {0, 38325879384686/1215986641, -84694390614917245674/42402670158311, 3597640752643746147008924594/1478623511090462881, -15887160288560069661524822804668050/51561080455235531123351, 455293274765438172840395157347554161921386/1797986436554518205802372721, -2852429464747710217215908959852162893742850717154/62697585029092604354534539153991, 66710948132234922540193547466110977822446137373424530674/2186327487549488206446973914838820161, -521601159235110544200011010268392240055955894142750096490004370/76239425818338203247012427384344497834231, 10702620989640951279654816923704396539063675834058129631038615985686586/2658545017711271485426570355319476983977469201}}"
"{0.8346342141847802, 0.1779871888981093, 0.031679439411851244, 1894532/71909, Sqrt[28425973539/1292708093], 28425973539/1292708093, 2709403783696278933547/1077381295519904246028, -296248853264132/(9475324513*Sqrt[28425973539]), {1894532/71909, 51495020/71909, 1438643696/71909, 41174306900/71909, 1203700223072/71909, 35853088306580/71909, 1085672559622976/71909, 33359498589023540/71909, 1038469558166493152/71909, 32706330514490310740/71909}, {0, 113703894156/5170904281, -7109972478339168/371834555942429, 32512845404355347202564/26738251083264126961, -6496830691586461438957728240/1922720897146440105638549, 14243533890622350959616376580898276/138260936992903361556362420041, -5123662340118320174673129400017659667888/9942205718222687826156465262728269, 7872605223102770437449397564267048373752272804/714934070991675258891085260577527095521, -3943943680940409610642220021123830892887604340556080/51410194110940376191599050002869395911819589, 4953948620427531614191165852255526155241492585759023469796/3696855648323611511561696086656335390623034825401}}","{24.292955533758835, 0.11841476077167373, 0.01402205556861272, 124581031/71909, 17*Sqrt[188257224507/1292708093], 54406337882523/1292708093, 14181278079992496758890826231/3946732802383009700465127372, (-17815213724541887673*Sqrt[3/62752408169])/308302581334297, {124581031/71909, 218860763417/71909, 389410584183811/71909, 701066269843454849/71909, 1276124404434298234291/71909, 2347144834521235604791457/71909, 4359827904068650936545445411/71909, 8174763416714099655274208722529/71909, 15465517880115752119357380711649171/71909, 29508703923662036066623846533633419297/71909}, {0, 217625351530092/5170904281, -1282695388167015912456/371834555942429, 170175336959909961106689914772/26738251083264126961, -3045200764499914858490016083220609720/1922720897146440105638549, 207697644208680665472444090267446009685280692/138260936992903361556362420041, -5893983586947955517872449975259267371980835738191496/9942205718222687826156465262728269, 308590008895317984253039748344769943807554499703254514749492/714934070991675258891085260577527095521, -10808297486963147128724322018747122268912795267814806644434073822040/51410194110940376191599050002869395911819589, 505486803785496869378432313027213154125092348533003063049482813620944637492/3696855648323611511561696086656335390623034825401}}"
"{1.372274955602252, 0.23463077306948854, 0.05505159967118583, 583767/23419, (3*Sqrt[3126738729/205665658])/2, 28140648561/822662632, 538953187475591012657/175976911429713637938, 1091897313113723/(28140648561*Sqrt[2084492486]), {583767/23419, 15352677/23419, 38783273/2129, 1137203471/2129, 385482636227/23419, 12408845847797/23419, 414377936448723/23419, 1296122880966831/2129, 502378798144790947/23419, 18038484379111098517/23419}, {0, 18760432374/548449561, 2183794626227446/12844140269059, 1077906374951182025314/300796920961092721, 247028124596049651243472310/7044363091987830433099, 91108741618358182404537877651754/164971939251263000912745481, 26279698643426381802165551465289815166/3863477845325328218375586419539, 9095160963371834586984779233809458047320354/90478787659673861546137858359183841, 2899775311188821867098669976904867484456412970790/2118922728201902163549002504913726372379, 1000211194003328182426789706536763899323742652361348634/49623051371760346768154089662574557914743801}}","{41.25636075144838, 0.15804918528491457, 0.02497954496922526, 116036867/70257, Sqrt[42041707180477/616996974], 42041707180477/616996974, 45353529588683994630254021919/14140041141191770728399580232, 1796087020806044371345/(168166828721908*Sqrt[84083414360954]), {116036867/70257, 196434350465/70257, 341700697900391/70257, 611788277982807449/70257, 102540951941854329397/6387, 2139695159241463532823305/70257, 378896231070566699003423221/6387, 8312438023853091707954119951769/70257, 16918549200956462764115459134237127/70257, 3183952081032208142659974317525315995/6387}, {0, 336333657443816/4936046049, 7184348083224177485380/346791787264593, 120942745569823985680677391784/8121516865949503467, 12518717571045439845967268527970559860/1711780231353042795243057, 521681113912420993290682214648361856201932136/120264543714170727665391455649, 6699927190539210822241630703205166343116402307683420/2816475349242164271195802499843931, 812791787222560220082323496707665144383529977826297355444312/593631325835120205604210488694605180801, 32368736157459244866206200972842686828771307449892854873665051927540/41706756059198040285135016304216876187535857, 145427523526937669077387059037110985945004579949730127187818648874412094984/325576840050119635145858982276151674478634078361}}"
"{1.0812475908427162, 0.20973592404669156, 0.04398915783571957, 1738411/70725, Sqrt[66468278977/100039098]/5, 66468278977/2500977450, 24469178321171011635201/8836064220328600333058, (-3979097308329547*Sqrt[2/66468278977])/66468278977, {1738411/70725, 129303/205, 237143261/14145, 10818427817/23575, 910789121761/70725, 348187905145/943, 3721391530477/345, 7552340134158537/23575, 682832513306944081/70725, 1390106560256151181/4715}, {0, 132936557954/5002025625, -15916389233318188/353768262328125, 16312785547447341090134/8340086784385546875, -16925806855546837339394752796/1769557913477003408203125, 5805857330609890904458444327917914/25030396686132213209033203125, -5606098013456264059947855491772845480308/2950458009377834632014788818359375, 22574871845769239853154211495555162557997053058/626013428139742063047737817535400390625, -17090513286870677950586716640368996680115456612158172/44274799705183257409051257145191192626953125, 2279974648515823785016286626128052517746062878475614308274/347926134349898431139461129065960788726806640625}}","{29.2664225213438, 0.13521910684600627, 0.01828420685623166, 113205224/70725, Sqrt[117158263616287/100039098]/5, 117158263616287/2500977450, 72211997626073105693596613661/27452117467166796477543332738, 68871075624620986049/(117158263616287*Sqrt[234316527232574]), {113205224/70725, 36902762158/14145, 305973664228322/70725, 20630346821566034/2829, 882936076354350697154/70725, 306745363521916519787218/14145, 2700995112371013110982199562/70725, 963638050352525222100994659514/14145, 8698866354066739055605746945412274/70725, 3176373892250202989861030691898232098/14145}, {0, 234316527232574/5002025625, 137742151249241972098/353768262328125, 48141331750715403795731075774/8340086784385546875, 223306077731123355946515975240225746/1769557913477003408203125, 24144846223901827654578129132148613561576474/25030396686132213209033203125, 64574515481476186179044226994030236905102540912398/2950458009377834632014788818359375, 113838513970683875954428539068707703096339728296696128580218/626013428139742063047737817535400390625, 101030301897065339652658931089870325617590001425130565807730201442/44274799705183257409051257145191192626953125, 12646590675032934644903129990742081643132352574990728199424075443208987874/347926134349898431139461129065960788726806640625}}"
"{1.5337952766647296, 0.2363950098484812, 0.05588260068126352, 1977126/72035, Sqrt[109221787337/2594484595], 109221787337/2594484595, 63350240197339486234361/23858797658177707103138, (1578340682543538*Sqrt[2/109221787337])/109221787337, {1977126/72035, 11459626/14407, 1740326148/72035, 55058702774/72035, 1804804581996/72035, 12202248880318/14407, 2118056231052108/72035, 75227379670971494/72035, 2724457284660925836/72035, 20064453489861328990/14407}, {0, 218443574674/5189041225, 6313362730174152/373792584642875, 126700480394678972468722/26926148834749500625, 2953986437493908340237087504/1939625131311180277521875, 19628095197654054139138678671015074/27944179266800174258257653125, -224396148328739743750492866912147449544/10064794767419752763467950214296875, 88341566576108516908940257277426280944130041218/725017491071081890316413793686875390625, -3294826677787986180675772047389082208955605508810592/52226634969305383968942867628234068763671875, 87873409047683633493826487320550485405661799610997214611866/3762145650013913334202799469599841143391103515625}}","{48.12942351689576, 0.16426893009269633, 0.026984281393799155, 128482318/72035, Sqrt[222721200566618/2594484595], 222721200566618/2594484595, 75888582324850836915209810939/24802366590917841062127978962, -452248762621937172363/(445442401133236*Sqrt[111360600283309]), {128482318/72035, 235345990696/72035, 441649652895706/72035, 847437926451928168/72035, 1660043293113952123258/72035, 3315535239518356468083256/72035, 6744000962542627175912234266/72035, 13955367120124152549436898762248/72035, 29345988612836829650628973888385338/72035, 62638956930469923540357924324935373016/72035}, {0, 445442401133236/5189041225, -904497525243874344726/373792584642875, 607108658598806695321678487512/26926148834749500625, -1723926954348901745269920585200640678/1939625131311180277521875, 213187180817700088576092974475767006385390656/27944179266800174258257653125, -4033334620277148714512538848540783120129976632846238/10064794767419752763467950214296875, 2070401256155065515152389529057347995063392877740119220522488/725017491071081890316413793686875390625, -10583040053455654339969341142097050384963254680870764561723413022326/52226634969305383968942867628234068763671875, 4251089643778422221701584387835270662446419879375725697539099460687449761584/3762145650013913334202799469599841143391103515625}}"
"{0.9374117404464474, 0.19571307424956189, 0.038303607432214525, 346516/14159, Sqrt[11497942615/6187483]/9, 11497942615/501186123, 150306304400362923139/52881073751133215290, (53155469401146*Sqrt[2/2299588523])/11497942615, {346516/14159, 8805178/14159, 1158009584/70795, 31442202266/70795, 175821330784/14159, 5050637959474/14159, 743717928701744/70795, 22408824743717306/70795, 137879969460796288/14159, 4322547157133673010/14159}, {0, 4599177046/200477281, 212621877604584/14192789108395, 300612608800725846278/200955700985764805, 1705981224859554155360232/569066354051488774799, 1121008609501489390575370394638/8057410507015029562379041, 281009500157918877335786164289879784/570424376844129017868624207595, 125057278176258171547074650666003356133798/8076638751736022764001850155337605, 1726517903146242447619363929028910140592857896/22871425617166069263100439269885029839, 618329487763572785894882158434023472170075910700750/323836515313454374696239119622302137490401}}","{26.60433670359695, 0.1287783830098567, 0.016583871930633348, 113571428/70795, (2*Sqrt[26737942597837/30937415])/9, 106951770391348/2505930615, 25953558269200963776565074113/11438681189843622725073257104, 323080906101095104917/(213903540782696*Sqrt[53475885195674]), {113571428/70795, 185216085864/70795, 61390446579154/14159, 516662464523789004/70795, 882645209805091293338/70795, 1529194226068080956109684/70795, 536899149343385251719409450/14159, 4770904428258041960935739551404/70795, 8576142144724761720311570738823338/70795, 15579831202621115037012041497162508004/70795}, {0, 213903540782696/5011932025, 646161812202190209834/354819727709875, 103814233076803855106260296452/25119462623220600625, 872637593147368140288112469873398122/1778332356410902421246875, 14106027302037032951862399767278825973255836/25179407834421967382434503125, 1018739024644756881096146637752175146367585724968882/8912880888189515904197253243671875, 57863288333004803281134309962816210078196246914422039059908/630987402479376778437644543385750390625, 1150173850763538087042733805816735383364459807863557911444119976154/44670753158527479029493045448994198904296875, 53119808167617809866513799479506495648312548923004377804819315984121916284/3162465969857952877892960152561544311429697265625}}"
"{0.7787732160794882, 0.17201417312005562, 0.02958887575417647, 1959351/74444, Sqrt[6681872659/81497569]/2, 6681872659/325990276, 35500237260758299513109/12903105024785510051209, 10784525962638426/(113591835203*Sqrt[113591835203]), {1959351/74444, 53095591/74444, 1479732351/74444, 42357013423/74444, 1243503944631/74444, 37380568064791/74444, 1148617704621711/74444, 36014184300044863/74444, 1150238515768378791/74444, 37359300497511540391/74444}, {0, 113591835203/5541909136, 5392262981319213/206280941860192, 35500237260758299513109/30712756871680266496, 1892647699556229975075058785/571595118138841439757056, 16732961964505960679759224178903543/170207307898911648565097107456, 2857564271005052550884686147400300969343/6335456414613289382890044533727232, 9961071253169235798034211705545125988295949929/943273434658943429639732950537580118016, 583386916917853986917813763903169239950633626611465/8777630946218798084512534971227451788197888, 6867415565970734430469458363302631674205657079336579963883/5227535665282497636827609227184451367364828594176}}","{31.610016513492397, 0.13463315249333635, 0.01812608575029396, 129822627/74444, (11*Sqrt[2524722276187/1385458673])/2, 305491395418627/5541834692, 215469948625517179884604045333/93324992674819917604578565129, -263510286005577318918/(3360405349604897*Sqrt[2524722276187]), {129822627/74444, 230500858049/74444, 416234725745907/74444, 763583434260138617/74444, 1421419036802293131747/74444, 2681833890281923546310009/74444, 5122661802260764795749196947/74444, 9895666816186677483674781440537/74444, 19312506808194490895049709647893187/74444, 38042198504576145310192093564378867769/74444}, {0, 305491395418627/5541909136, -131755143002788659459/206280941860192, 215469948625517179884604045333/30712756871680266496, -164798030959833485935504117725381135/571595118138841439757056, 192831295107414777583928125250605167230892727/170207307898911648565097107456, -439470634604091571111088567149668834543045728737809/6335456414613289382890044533727232, 189436555804245919051642113405285559905130043458072419747433/943273434658943429639732950537580118016, -129303933589405435035169697443547996434695060094340649074756767335/8777630946218798084512534971227451788197888, 195162928890667151724754464741360669634431084387522036516451429566524122027/5227535665282497636827609227184451367364828594176}}"
"{1.3896573032678041, 0.22745270989932606, 0.05173473524054698, 2013301/74952, Sqrt[209697790751/156047982]/6, 209697790751/5617727352, 99090805538924583963261/43973163445850181144001, -11298797431354510/(209697790751*Sqrt[209697790751]), {2013301/74952, 56877451/74952, 1676088061/74952, 51150961891/74952, 1607003546461/74952, 51723439144051/74952, 1698969574614301/74952, 56776477386332131/74952, 1925565111249691741/74952, 66143117577336858451/74952}, {0, 209697790751/5617802304, -5649398715677255/210532759144704, 33030268512974861321087/10519900908942569472, -3511331268252802434278993735/591365709695297600299008, 62536290185768475936373495512110491/177296170692327782950444990464, -2480677740802046745650870404704544014215/2214783764288558664616958820876288, 46550898620740519648062698430725262119809717241/996014836205736294182221785253917229056, -1957294007512747571690230571106892172359463616318215/9331663000411543340193235906043950519025664, 4304671745962117237954619551350510987332420682366777699359/621712715739418663497034149004272159379565838336}}","{41.44831537546234, 0.1520538714827186, 0.023120379832883103, 134367781/74952, Sqrt[417425965649183/156047982]/6, 417425965649183/5617727352, 347265946527891051306952785021/174244436798152905894628567489, -202421090240302710062/(24554468567599*Sqrt[417425965649183]), {134367781/74952, 82150916749/24984, 461175839910889/74952, 97553823222512567/8328, 1696269258168624015601/74952, 1106159481531540179717789/24984, 6561839677126989019665023209/74952, 4365032106702343885253077600981/24984, 26343342843722976039142028618266081/74952, 5930055173828484552994762435322386543/8328}, {0, 417425965649183/5617802304, -1720579267042573035527/210532759144704, 115755315509297017102317595007/10519900908942569472, -1263544305816008472279864065431679495/591365709695297600299008, 358684465876531921483516585825370381057892763/177296170692327782950444990464, -1068261751017218492708994895944520063736521564731719/2214783764288558664616958820876288, 408136268171997804705871575693579106477040872655843673366521/996014836205736294182221785253917229056, -1003946486764756410372374944792860350937252652658726884525219814855/9331663000411543340193235906043950519025664, 54335521652652960464912111029513928475678629284619766700552061851561540127/621712715739418663497034149004272159379565838336}}"
"{1.2902847827867912, 0.2314403048404054, 0.053564614704619776, 421643/17504, Sqrt[1904546443/15319282]/2, 1904546443/61277128, 208409839317814278797/90682428838598806225, 109068000759606/(9522732215*Sqrt[9522732215]), {421643/17504, 21401457/35008, 142164439/8752, 15721260945/35008, 14048794553/1094, 13226262513477/35008, 99620652917449/8752, 12245911610879625/35008, 47826454248246977/4376, 12121151975820658797/35008}, {0, 9522732215/306390016, 54534000379803/2681525420032, 208409839317814278797/93874841904480256, 724034060865600565041075/410796308174005600256, 6110559283604973875696187610115/28762314313111176107524096, 14766412556124326351656286639222433/251727774868349013293050888192, 211533761623290243905035616099209626854297/8812485942591162257363125493825536, -339798180320894260717732814829378510979470045/19281719242389463019110518580490272768, 8180025400136412348261597529961922180577810598052815/2700057708950281285492084137863213876248576}}","{51.23648923503694, 0.17886642017608806, 0.03199319626660888, 112129279/70016, (3*Sqrt[44693768712007/76596410])/8, 402243918408063/4902170240, 90628460208951519383690957567/53933389965424147996061137323, 6724068177649931306/(402243918408063*Sqrt[44693768712007]), {112129279/70016, 185317914869/70016, 315188301317923/70016, 549783430992769733/70016, 979986924449920759699/70016, 1778950542050792868285989/70016, 3278606799055804034493759283/70016, 6118719902466647001587617954373/70016, 11538257159723494657116374909429779/70016, 21946779005130797404692607849921550309/70016}, {0, 402243918408063/4902240256, 10086102266474896959/171617626882048, 271885380626854558151072872701/24031959527546945536, -38606201924319585685859033610926145/420655419570181734662144, 228519984346551488830774251055580009286397563/117810439426503377336418697216, -294360921962140354151739798010205834448024811940931/4124307863443030233793345752137728, 217155646576386908627278830807935899546670507068714547972601/577535078733654409698549792363350327296, -152375778719824598993964976951073341151736791621184097373520651585/5054587009076943393681707782764042064494592, 222950048778669117114422748233892328321767014017017597013392130272502860663/2831215712220250149216147616944057353501226827776}}"
"{0.6366186863144295, 0.15275331047095314, 0.023333573859835404, 2000881/73337, Sqrt[46707633633/672280279]/2, 46707633633/2689121116, 3364166272055967538081/1454402026396368519126, (257279956573445*Sqrt[3/31138422422])/15569211211, {2000881/73337, 55864571/73337, 1594541281/73337, 46470664451/73337, 1380832653001/73337, 41767988409611/73337, 1284064517210161/73337, 40057257388199891/73337, 1266111193101308761/73337, 40490816382721769051/73337}, {0, 93415267266/5378315569, 4631039218322010/394429528883753, 20184997632335805228486/28926278359747793761, 1362280669470964603364414370/2121366476068823951050457, 6210761039797222709825246911369446/155574653255459342098187365009, 491154386550454900471809333407943696690/11409378345795621771454766787665033, 2421003944583282828058700390868144109307212086/836729579745613513853178231906990525121, 262674590386870115621527436169558671050573721145570/61363237189804058265450531993362964140798777, 1126194147197065110351074065186566717907200315916147264326/4500195725788660221013345664797259701193759908849}}","{19.679765538437177, 0.10534816288434329, 0.011098235423106124, 130043643/73337, Sqrt[93841787118027/672280279]/2, 93841787118027/2689121116, 11635215691524031567806416663/5870854006336732134952248486, -65454183095148053489/(31280595706009*Sqrt[187683574236054]), {130043643/73337, 233156969319/73337, 422444881849731/73337, 773023128010155519/73337, 1427691497836205561763/73337, 2659529723715803045829519/73337, 4993584466314307810312697571/73337, 9444349884329490800888031400959/73337, 17980877719803252828263296593113763/73337, 34440676228446955648280611268312126319/73337}, {0, 187683574236054/5378315569, -392725098570888320934/394429528883753, 69811294149144189406838499978/28926278359747793761, -404426102792309716568603216425853190/2121366476068823951050457, 32791319918888507457984712481460092892723474/155574653255459342098187365009, -319667915962604555849819979160409466068111603698014/11409378345795621771454766787665033, 17667460079485637649857382265845500539728199361815524991338/836729579745613513853178231906990525121, -237059704365738231841962864281244566050134420209459566552862051670/61363237189804058265450531993362964140798777, 10430500713797790737796792135603849277290998425384006465748690663920076994/4500195725788660221013345664797259701193759908849}}"
"{1.3190956471883466, 0.21810666490512726, 0.04757051727603747, 2081553/75067, Sqrt[103056891641/2817489711], 103056891641/2817489711, 58900829362832020269443/21241445829409631345762, 11229406907450529/(103056891641*Sqrt[206113783282]), {2081553/75067, 60465673/75067, 1832928657/75067, 57769486057/75067, 1886568373353/75067, 63631153234513/75067, 2209906936290177/75067, 78802906904758297/75067, 2877444630173918553/75067, 107320810117181998753/75067}, {0, 206113783282/5635054489, 22458813814901058/423006635325763, 117801658725664040538886/31753839093999051121, 38598937326343915643780133570/2383665439269226770500107, 99222132235733866598004400167070942/178934613529623045981131532169, 59190858788158403603360792204352385812618/13432084633828213192665600725330323, 107596106506028414105029413063952447730375391046/1008306297207582479733828649648371356641, 90883690629510273502187102641735470244721197005537330/75690528812481594006179315243154292628969947, 138785861371052432320926352516605033162995811137589850217902/5681860926366555817261862657357863284778887011449}}","{36.53727649451448, 0.1413406446056565, 0.019977177817542498, 137293854/75067, Sqrt[188278420757983/2817489711], 188278420757983/2817489711, 160522026743846207972272340287/70897527446240167656516456578, (-2153100477266846475*Sqrt[2/188278420757983])/188278420757983, {137293854/75067, 256119988646/75067, 486778391494104/75067, 941383586042623082/75067, 1849995536362544534184/75067, 3689384875942087423755506/75067, 7456474728072332682391774464/75067, 15252714018627126997183066698122/75067, 31540136452848655772423262820340664/75067, 65855217957584666516297110608969500066/75067}, {0, 376556841515966/5635054489, -8612401909067385900/423006635325763, 321044053487692415944544680574/31753839093999051121, -884710594286193471988496010846811980/2383665439269226770500107, 353142384114330377487963398581136229655193966/178934613529623045981131532169, -2125460736570732090537359565833043824301230588491260/13432084633828213192665600725330323, 452107301124818163622505414963313690890765807585307624429854/1008306297207582479733828649648371356641, -4317941978139889560627994837073674567206204587914168372007509185900/75690528812481594006179315243154292628969947, 638359384892293995109077665094979978645469763997656839732119391201925029966/5681860926366555817261862657357863284778887011449}}"
"{1.1542399495540046, 0.21532168864608106, 0.04636342960139987, 1899600/76303, (2*Sqrt[20912415409/35938713])/9, 83649661636/2911035753, 4419712543534042249919/1749316472954322549124, (860744259186039*Sqrt[2/20912415409])/20912415409, {1899600/76303, 49484024/76303, 1345829472/76303, 38094343952/76303, 1117866079440/76303, 33862621301984/76303, 1054308160031472/76303, 33599786253495632/76303, 1091955102854665680/76303, 36071314279039626944/76303}, {0, 167299323272/5822147809, 27543816293953248/444247344270127, 70715400696544675998704/33897405109843500481, 24439856945308044764016818640/2586473702096388617201743, 39645031761958546117908477073294112/197355702891060740658344596129, 19745508458561535675907404363694432885488/15058832197696607694453667718431087, 25816151961046172167637400458805146961121713584/1149034073180844256909898207919447231361, 16051477108269102441781844453985924107946602210012880/87674746885917959334995962958877582094538383, 18552499760262302004164256682168610060560640980051175711552/6689846211636198051138196961651236146559562238049}}","{42.8797184482877, 0.16213027168266936, 0.02628622499589618, 124470180/76303, Sqrt[22624586953823/35938713]/3, 22624586953823/323448417, 52081398040207625022441294497/27641084480879286294053027766, (161292061956744989209*Sqrt[2/22624586953823])/203621282584407, {124470180/76303, 208380643938/76303, 357668517524052/76303, 628388260373355546/76303, 1127723075009091483780/76303, 2062559580393897006266058/76303, 3835507771002820151678064852/76303, 7235622736925079116097946941786/76303, 13818827477244879533697014986506660/76303, 26669530724992132962618063956354243178/76303}, {0, 407242565168814/5822147809, 1935504743480939870508/444247344270127, 312488388241245750134647766982/33897405109843500481, 3015041370214728158469016046465842380/2586473702096388617201743, 287497408575847864256637215915645220221996694/197355702891060740658344596129, 3888419992295688096950948488877069736624550769871468/15058832197696607694453667718431087, 289189087093747677894393689517460884007930992356515630150662/1149034073180844256909898207919447231361, 4810914206059380801598637302546863422171617442254353792855060484620/87674746885917959334995962958877582094538383, 306997806186259083717227853548961374197496606328280421697284739824641869174/6689846211636198051138196961651236146559562238049}}"
"{0.9704270629886662, 0.19464088131851545, 0.03788507268044842, 1849123/72189, Sqrt[32384240669/144754987]/3, 32384240669/1302794883, 12846544643150941917273/4194956174830854270244, 355147476984671/(64768481338*Sqrt[32384240669]), {1849123/72189, 49159745/72189, 1351428595/72189, 38306523065/72189, 1117234405363/72189, 33479156516825/72189, 1029704520870595/72189, 2498356963787645/5553, 1049723366389980883/72189, 34731846715388793305/72189}, {0, 129536962676/5211251721, 1420589907938684/376195050487269, 17128726190867922556364/9052381499875153947, 8418286753472867876840376580/1960447104283462464839949, 33106347379192079421575344812988876/141522716011118871874331078361, 4138860612283412346434529049234580641028/3405461115375553413912028738600743, 26915285136409792327862937856524427132659109652/737510497373537476190686327832547109281, 15143571670978253124973902470444522748272483908895060/53240145294898296868729455319903743271886109, 2747363180825260280004388152342367684513769303867379317564/427039205410379239184078961120947924783798480289}}","{22.332865915326128, 0.11486938268771239, 0.01319497507905612, 122181910/72189, Sqrt[98488694867155/289509974]/3, 98488694867155/2605589766, 40894308111219893184196741899/19400046033271127286195588050, (-222079413065154354472*Sqrt[2/98488694867155])/98488694867155, {122181910/72189, 209524948690/72189, 363692979665572/72189, 49104786072589174/5553, 1131877737507981650740/72189, 2025431766181926493995910/72189, 3654564107657424208031529532/72189, 6643571044424311817172968244862/72189, 12159062230086714564363293389839460/72189, 22389873138888772888891144295168656630/72189}, {0, 196977389734310/5211251721, -888317652260617417888/376195050487269, 27262872074146595456131161266/9052381499875153947, -799196515167308790712948058984130560/1960447104283462464839949, 46593080588934150278849574508189990388829190/141522716011118871874331078361, -230512132891848691906683804641837655618688363862416/3405461115375553413912028738600743, 32583867966794913747063129308394466073825574703079391334838/737510497373537476190686327832547109281, -625006468867077677232618058462372239322060406284099174174247520160/53240145294898296868729455319903743271886109, 2878958176982074672818765060533106177519282130902966470216093586101768630/427039205410379239184078961120947924783798480289}}"
"{1.1938708936665432, 0.2123464997911241, 0.04509103597354187, 1897017/71648, (5*Sqrt[6490626055/320835266])/4, 162265651375/5133364256, 64405835997576886445341/26330141616153039390625, -347674269029454/(811328256875*Sqrt[6490626055]), {1897017/71648, 52491893/71648, 1509682671/71648, 44904422345/71648, 1375310787807/71648, 43209501952433/71648, 1388097900849831/71648, 45470020783771625/71648, 1515200565534569487/71648, 51259632847450288673/71648}, {0, 162265651375/5133435904, -173837134514727/183900207824896, 64405835997576886445341/26352164180476297216, -163753948080447911437940055/472019964800691435732992, 35636868906679588794664283671525195/135277145752159759949589643264, -634735836148202028941707108293157309077/4846168469425371240434099380289536, 23365096438678825643738906280426760458560299321/694436556994777997269244704797969350656, -250684877078276697477999946752020416589690913580215/6219373804445231743543355576170613504475136, 17167300930529122851333900019637422441174956666358230775015/3564845554727135711691154722571776930949076353024}}","{31.919216207499566, 0.1356674704850473, 0.018405662547811178, 62126207/35824, Sqrt[71038711001263/320835266]/2, 71038711001263/1283341064, 12095631406971844416912441373/5046498460720964783987595169, -194725018262624486130/(71038711001263*Sqrt[71038711001263]), {62126207/35824, 109722652613/35824, 197007821260211/35824, 359017278927670769/35824, 663024268577922556727/35824, 1239177730287444693359573/35824, 2341039212495777407404795931/35824, 4465855120940002570176994065209/35824, 8594749697884432034667898604456927/35824, 16674756043766551187511533458941719933/35824}, {0, 71038711001263/1283358976, -97362509131312243065/22987525978112, 12095631406971844416912441373/1647010261279768576, -17545563042466650511177006144679625/14750623900021607366656, 2826552731300132845078754270033762644592203/2113705402377496249212338176, -12795946142309010369551522646967803458351988910155/37860691167385712815891401408512, 790194519021366645036622360711096491983501243157718326073/2712642800760851551832987128117067776, -1194938627738598714681505964790671378016037947599982820609793385/12147214461807093249108116359708229500928, 248301011560296098124540323428254569935994103396082721894333763652736743/3481294487038218468448393283761500909129957376}}"
"{0.8697036125064366, 0.185379743944072, 0.0343656494647697, 1863102/73619, Sqrt[59643335786/2709841771], 59643335786/2709841771, 11582365673288975620591/3557327503681548237796, -6323057162173119/(59643335786*Sqrt[29821667893]), {1863102/73619, 48770504/73619, 14413164/809, 36068152100/73619, 1010851870332/73619, 28802799129044/73619, 832816560342924/73619, 24399011184213140/73619, 7948978883187252/809, 21678112301003595284/73619}, {0, 119286671572/5419757161, -25292228648692476/398997102435659, 46329462693155902482364/29373767684210779921, -23802254710772586889834696620/2162467403143913407004099, 27794824767851642659298838114308572/159198687752051761110234764281, -19500185336888519227263781312804378303356/11720048193618298601174373111602939, 2834279798764258577774569263490564444770599812/123259746852283646388550882014728109463, -15854217796369625733010227463037256469851104821270860/63519815124627888344351091681295880833896179, 15368355550328698996929484191212774077320331787907204414172/4676265269659980512022783018485321451110602801801}}","{21.800336209758363, 0.11422439767742029, 0.013047213024769458, 123008565/73619, 6*Sqrt[2741890215669/2709841771], 98708047764084/2709841771, 5077493231494824941317554967/1623879782232781391953393176, -50111853494120148607/(24677011941021*Sqrt[5483780431338]), {123008565/73619, 208214226747/73619, 50916936266187/10517, 616073349466938747/73619, 1073921031693593435925/73619, 1885881237557660743178787/73619, 3333261873519646218134074749/73619, 5925340798493784720370899474987/73619, 1512436597622264071687586980941555/10517, 19003254783647567581569389490216067827/73619}, {0, 197416095528168/5419757161, -2405368967717767133136/398997102435659, 121859837555875798591621319208/29373767684210779921, -3161909889855677485265578955666947800/2162467403143913407004099, 121935338883532978359673181946664666681272288/159198687752051761110234764281, -4039355747668003558190170943665256969959065565929696/11720048193618298601174373111602939, 21388645846053315927278578346743762160931893979310243989384/123259746852283646388550882014728109463, -5385758744524568145923817679706003719995650037191258869179910935720/63519815124627888344351091681295880833896179, 200600975925629511962462629488853984582775441680376045774859237285865059408/4676265269659980512022783018485321451110602801801}}"
"{0.7467678779644424, 0.166885276265346, 0.027850695434160855, 667811/24906, Sqrt[12420451069/620300534], 12420451069/620300534, 466945695716143737753/154267604757423242761, 511616010850996/(12420451069*Sqrt[12420451069]), {667811/24906, 55214645/74718, 521062789/24906, 6490100303/10674, 451404244381/24906, 41355470376665/74718, 430689744213229/24906, 41233408496997881/74718, 447241268051720221/24906, 6348056738796586655/10674}, {0, 12420451069/620308836, 127904002712749/3862352967354, 17294285026523842139/14251224148876848, 4922255645213521644027545/1197925836700252869972, 25661873641695707525079470749909/238684327110851983836181056, 85034550232264159520997994695260951/165129773639524430817331260576, 240425929517454994699161529770026308739719/21151142445939405294530326504658688, 15890952271252112308424796645752836300604100145/230470779769372987366187886467200311456, 4553292090420679826605204061176861636156651783347287/3401543846480594739758385481690127974591488}}","{17.652915582833444, 0.10038307586001624, 0.010076761919117775, 130894285/74718, Sqrt[172646013842489/620300534]/3, 172646013842489/5582704806, 108156686197169930907785297073/29806646095700903402501715121, 1001939183380495730288/(172646013842489*Sqrt[172646013842489]), {130894285/74718, 33088144489/10674, 414032100743917/74718, 747795893929218199/74718, 1364884776205803590365/74718, 359709880802283910834129/10674, 4695855203810525213963403757/74718, 1264855027010878266362860388497/10674, 16878945898711164352935290866676605/74718, 32532836937891529108043301073405360183/74718}, {0, 172646013842489/5582779524, 125242397922561966286/52141765059279, 36052228732389976969261765691/10389142404531222192, 49059491077871375226131245328781995/72773994579540361850799, 99776501305478240944369767768596232579169129/174000874463811096216575989824, 44764654407346739620006569580529568249576572899631/270854111212229947648127600159784, 15273564512913051565103492988672827767957895249402107830359/138772645587808438137413472197065651968, 43913495503705635859072212239087851538529311845615634851566150515/1134089089550142127582169042333475932597112, 13643133711229825932441995353737533082632435174347115219359663230424161041/602573287772497916363978712924961100314958324736}}"
"{1.2858264497194818, 0.2195786065967029, 0.048214764474949615, 1966312/73731, Sqrt[93207105829/2718093315], 93207105829/2718093315, 44269122117610526474811/17375129154036811554482, 2558153172229507/(93207105829*Sqrt[186414211658]), {1966312/73731, 54967342/73731, 1601703430/73731, 48406127362/73731, 1510428344902/73731, 48467724442282/73731, 1593920171948830/73731, 53565359861321122/73731, 1835111049366864022/73731, 63965486940265546522/73731}, {0, 186414211658/5436260361, 5116306344459014/400820912676891, 29512748078407017649874/9850975570859950107, 2890551799149597788349583990/2178966839445224944017651, 64092099928159111184494689420767038/160657404039135880347365425881, 1133407302986164079623960247789394767498/3948477019069842531297200071877337, 8298165770251484515759292283225772253306806106/124767925325587954146460225071251971863, 5813276874590738525885452420365178429838640331611110/64394847315266478130208611983099353962015971, 6639979488511652914635569011677479808363234161162868426302/527544054155768077668712352236210940774822173089}}","{32.59241221710774, 0.13811980026627094, 0.019077079225594578, 125966408/73731, Sqrt[151351067388811/2718093315], 151351067388811/2718093315, 102107889557579669088262963503/45814291199464817147695987442, (429634529321647433305*Sqrt[2/151351067388811])/151351067388811, {125966408/73731, 219313966706/73731, 389033233554260/73731, 702726924012864890/73731, 1291570140920990276468/73731, 344698363035318516667478/10533, 4576506003741813134550866660/73731, 8801602850764955496081043690010/73731, 17142166930059511588232890439430548/73731, 33768040501083688887211812916785850586/73731}, {0, 302702134777622/5436260361, 1718538117286589733220/400820912676891, 68071926371719779392175309002/9850975570859950107, 2369203848435095326989786735211067780/2178966839445224944017651, 191227817327032525658204036137535485088434222/160657404039135880347365425881, 1083252924307544634425062791000608891200538726606140/3948477019069842531297200071877337, 30377802938064441966387494826478637088567115327819865982578/124767925325587954146460225071251971863, 4667710023980882098389402661874075741722303717476235309118467807780/64394847315266478130208611983099353962015971, 29203020512548429586685982812785060977999633236709998755699510675418297758/527544054155768077668712352236210940774822173089}}"
"{1.9822848866049851, 0.2737739844409133, 0.07495219455665343, 335881/12700, Sqrt[25367097817/19354546]/5, 25367097817/483863650, 1883456138149755013533/643489651657246165489, (1302749555056146*Sqrt[3/25367097817])/25367097817, {335881/12700, 28646869/38100, 72613526/3175, 28183874251/38100, 80245682859/3175, 34527469289179/38100, 107598422203741/3175, 50066176585835731/38100, 166847480997950339/3175, 82173624106100565739/38100}, {0, 25367097817/483870000, 217124925842691/1024191500000, 627818712716585004511/78043392300000000, 7456453141474798572453151/82595923517500000000, 5361595437013670594221691663057/2517523748813400000000000, 921680402723661047191381378884403633/26643793008275150000000000000, 1456791621277047029086572091118843635081339/2030257027230566430000000000000000, 14273069700303669513611968417878707855243942871/1074344343576174735875000000000000000, 87575908757093567900551006321223004395696430782809873/327460155922018059494700000000000000000000}}","{67.04402972031525, 0.1965758174721579, 0.03864205201484714, 132207137/76200, Sqrt[675405017037431/58063638]/10, 675405017037431/5806363800, 1118938338931905333448990560717/456171937039332459384055079761, 6186199176294552284506/(675405017037431*Sqrt[675405017037431]), {132207137/76200, 79414401097/25400, 445174453684751/76200, 286832388206119077/25400, 1715649478623350961167/76200, 1172416509690773331927917/25400, 7390646902610590903984462391/76200, 5289282698680063571363649279397/25400, 34709748729226092424159829157052607/76200, 25717022935005417351423890913907849437/25400}, {0, 675405017037431/5806440000, 3093099588147276142253/221225364000000, 372979446310635111149663520239/11238248491200000000, 6088684778961692506266482385908027957/642265901272080000000000, 498765912798101168078805223924191158853733991/39152529341545996800000000000, 13420356624936875024227579140774226108989070162041533/2486185613188170796800000000000000, 6371921950884347747412687546069845388225345577910497982480153/1136684062349631688296960000000000000000, 31704659747690612204721888858984738100734696106177620143423251678277/10826915693880241831028544000000000000000000, 1944224745090829690990662618266864450864637691312502561697715759483877656151/733343089665488380021666713600000000000000000000}}"
"{1.436026636992061, 0.23596222657107743, 0.055678172368380484, 1855006/71923, 3*Sqrt[3547936271/862141001], 31931426439/862141001, 17204015115710425679125/6117695966575609324326, 4145168221243891/(95794279317*Sqrt[21287617626]), {1855006/71923, 50507290/71923, 1444876606/71923, 608887142/1013, 1346952975646/71923, 43520968814410/71923, 1452539874310846/71923, 49893346846824202/71923, 1757758987444883806/71923, 63316629269840963530/71923}, {0, 191588558634/5172917929, 24871009327463346/372051776207467, 103224090694262554074750/26759079900169649041, 35815355488818852577642701210/1924593303659901667975843, 85221135818637477972333793361962734/138422524179131107665826556089, 46973195835267199106191383573658966479546/9955763206535646656649243393589147, 86642888663750577379876877052288446858450508750/716048357103663314486183532597112219681, 62310563706467772456772802360091827274126701053334970/51500345987966776567789778214982102176116563, 98949186136968670419053675270790050937774000083197256065134/3704059384492534471085144218556157734812831560649}}","{47.43719656629771, 0.167725611330641, 0.028131880696237253, 121279680/71923, Sqrt[206889675154910/2586423003], 206889675154910/2586423003, 7298946646686922257000150373/4280333768570418413249710810, 858582149059554885789/(413779350309820*Sqrt[103444837577455]), {121279680/71923, 210260141140/71923, 374283928947882/71923, 682673045106193240/71923, 1272552215558064384450/71923, 2417659043076338337093640/71923, 4668782280339550428036864642/71923, 9141797027205818106921191957800/71923, 18111023051898499988053249896506850/71923, 36236430940423805990233444457738200840/71923}, {0, 413779350309820/5172917929, 1717164298119109771578/372051776207467, 291957865867476890280006014920/26759079900169649041, 2835620919487141795838758715274612450/1924593303659901667975843, 259272816484042134176762319282332674157802520/138422524179131107665826556089, 3956328449355910978951691177090614372858808548669938/9955763206535646656649243393589147, 265790810496523452968152626528387182926902410356908841773880/716048357103663314486183532597112219681, 5320897747196261073226814960997414586017611150055799658435052886050/51500345987966776567789778214982102176116563, 299668944316970995119731879158723760383826324320523450206077221773754912920/3704059384492534471085144218556157734812831560649}}"
"{1.0210026782321955, 0.18550368959110744, 0.03441161885191394, 2287965/77113, Sqrt[4288929769/3932763]/6, 4288929769/141579468, 374697226717052247181/110369511380486360166, (-1996045778763445*Sqrt[3/60045016766])/30022508383, {2287965/77113, 70220571/77113, 2216041425/77113, 71622310587/77113, 2364086337585/77113, 79532402777691/77113, 2722881571848705/77113, 94754584165555707/77113, 3348413630388039825/77113, 120057909257564266011/77113}, {0, 180135050298/5946414769, -35928824017742010/458545882081897, 110160984654813360671214/35359848604981323361, -57487725610696063182668462490/2726704005475924788336793, 114767926498685052873423482647140438/210264325974264988203015118609, -90933906868173747698399911820614915475970/16214112968853496035299104841295817, 151755561431855320316537990270041290299351284494/1250318893367199639770019871626844336321, -147439396162568620140228156166392318879510301492767690/96415840824224865821585542360760847306721273, 224654455078644762600244057603764867449533212027780282631878/7434914733478452078099925928065351218363197524849}}","{31.19887671487917, 0.12690165813085225, 0.0161040308363597, 149393590/77113, Sqrt[29951021774087/55058682]/3, 29951021774087/495528138, 33659935228691905889850933101/10764764463742003018376202828, -257153700667324196912/(29951021774087*Sqrt[89853065322261]), {149393590/77113, 294086042488/77113, 586764074258368/77113, 1184086497968314156/77113, 2412570682669742900440/77113, 4956088809667425445423468/77113, 10253269730196277458428422888/77113, 21342528611320461362502921972316/77113, 44664298848135194329800408341492440/77113, 93915378403454093389004716441197588748/77113}, {0, 359412261289044/5946414769, -6171688816015780725888/458545882081897, 403919222744302870678211197212/35359848604981323361, -14681993708198665823426748506589508560/2726704005475924788336793, 756196651395001585708076983090560996720622524/210264325974264988203015118609, -34945719015241902061307189774197128749055170473349328/16214112968853496035299104841295817, 1781179429863658747113703992991093887195474529828613898699132/1250318893367199639770019871626844336321, -89716224789856718087329180322839796884348006806710903752878790340880/96415840824224865821585542360760847306721273, 4663867815472123365379737374354672380544083284641443834796545495271362854204/7434914733478452078099925928065351218363197524849}}"
"{1.3743010609243287, 0.22782862776513627, 0.05190588362934502, 382113/14432, Sqrt[12631151561/21695806]/4, 12631151561/347132896, 633508814725562179725/159545989756952736721, (-649174610240690*Sqrt[5/37893454683])/12631151561, {382113/14432, 4837389/6560, 1538551173/72160, 45894455199/72160, 281501263473/14432, 44277585137439/72160, 1426080352445013/72160, 46941677576724639/72160, 315270407546488689/14432, 53907259636686771999/72160}, {0, 37893454683/1041413120, -194752383072207/1502967414784, 228063173301202384701/43381651460325376, -7408742929763605538847663/156520998468853956608, 55120353400772967867595247037063/45178220998050006035333120, -1080715302659924392041841156283854509/65201208544385768710192758784, 686335600075419800193998203126313373854841/1881967683425150828051003789541376, -20539592087776891782787423626003755277933736815/3395069700898972093804010836332642304, 246158500971432071881585699009567959587461022146334643/1959905836934958610311179375598107749253120}}","{53.8263811865447, 0.17554840461844679, 0.03081724236408191, 31509241/18040, Sqrt[10198642878313/108479030], 10198642878313/108479030, 1435906382431213755706597879/312036949678093419977177907, -67269131608012169606/(10198642878313*Sqrt[30595928634939]), {31509241/18040, 113462106101/36080, 104392761372781/18040, 35516784916345099/3280, 370611157929750765391/18040, 1423299529770919009112141/36080, 1381474496751698088173122921/18040, 5417792877595574283295585810049/36080, 5362016882939204149869800093332531/18040, 21415318934992538696156749437553645781/36080}, {0, 30595928634939/325441600, -100903697412018254409/2935483232000, 4307719147293641267119793637/105912235010560000, -13351032223754253729787317221417349/477664179897625600000, 178505935627428495698584773069016026432819/6893649444282532659200000, -6570432518601921707515601372837408730406931196867/310903589937142222929920000000, 210113894486467369428837622025870975588150552958133202313/11217401524932091403311513600000000, -408481586563851234693834012618797161876315209151314931189775229/25295240438721866114467463168000000000, 52118320510807698196411556278293776363099123943853785796205690545212291/3650609100116339717639944284405760000000000}}"
"{2.5780989091215734, 0.30773426077715105, 0.09470037525605961, 216456/7951, Sqrt[19966291249/284478829], 19966291249/284478829, 38051804440913987961/11900083171340118806, 287749050382413/(19966291249*Sqrt[39932582498]), {216456/7951, 58057022/71559, 619005850/23853, 63096568826/71559, 251497507166/7951, 85337807794082/71559, 1122065679120770/23853, 138222468131247866/71559, 1958558403018007498/23853, 257115914452731314642/71559}, {0, 39932582498/568965609, 63944233418314/1507948519053, 566549088342497154086/35969096024971209, 5582267608300610239617610/95330094164848694253, 12332300500213433426434516491998/2273908736114135904016809, 216747127070645981616803407219138834/6026616120281164857612549453, 319507049294464205272212597952429191722726/143752874317066625348632142102409, 7325269275741266203538061798688041599142423610/380993034564998912715658053952084653, 8971085623819613222015435976017550549934068930713198/9087826853478919065006591560919075228009}}","{85.80093821934967, 0.2187617925106521, 0.0478567218624736, 128296070/71559, (19*Sqrt[1091004108889/284478829])/3, 393852483308929/2560309461, 862826457518954232134551819761/310239557217220393073702254082, (-3353451048996044760788*Sqrt[2/1091004108889])/7483197182869651, {128296070/71559, 80342032654/23853, 468980243655788/71559, 104176752476330942/7951, 1915318174638671494220/71559, 1327443607771316787442994/23853, 8403555442638027166280387588/71559, 5986434483353822245915850127706/23853, 38806374570933638999946126536805980/71559, 9408050540510990236296545702774561878/7951}, {0, 787704966617858/5120690481, -13413804195984179043152/366431490129879, 575217638345969488089701213174/8740490334068003787, -69841581842573060763124047058926951280/1876382243446716848981799, 6001115740118632294310239679245970041763969218/134272036958803610996288554641, -112792428651641997871131332071684076154723307755838304/3202790897578342533094470893851773, 25558394120915517123855656055252653657874193246296020957441762/687565541519425839977121728079417072321, -1648086814787408934165783110452211622105614903448525665261001479457680/49201502585588593682922853739635006278218439, 13251871750144510970268861384798062589203649873488143951356725609158284643442/391201147058014908372919610083837934918114808489}}"
"{0.9654161031007183, 0.19236641813694985, 0.03700483882683983, 1871097/71720, Sqrt[129552281751/1285921670]/2, 129552281751/5143686680, 6382646471941127935333/1864865967432276402889, 3766587954862462/(43184093917*Sqrt[129552281751]), {1871097/71720, 50621253/71720, 1417102419/71720, 40986713313/71720, 1223251859067/71720, 37624408479633/71720, 1190889295263819/71720, 38723177041406673/71720, 1290930226150006587/71720, 44026304591356664913/71720}, {0, 129552281751/5143758400, 5649881932293693/184455176224000, 57443818247470151417997/26458250477570560000, 2847356908676080165317499557/474396431062840140800000, 7956259944675762365916931229399751/27218969628661515918540800000, 5360782186337421262853837675391995927079/4880361254419009804194365440000000, 33034460249550977620671377582321812338028131993/700039018333862766313639778713600000000, 1263434229333356036972087625743794818662074359997557/6275849799363079700001780616167424000000000, 30000481193424529816453141364894446041174536672722082883759/3600831580882560608673021646332221194240000000000}}","{27.433551468124957, 0.12585706011004819, 0.01583999957954428, 31053257/17930, Sqrt[30548748361902/642960835], 30548748361902/642960835, 207184232604447091526281999/77768835539900844030421467, (3708996949696161004*Sqrt[3/5091458060317])/5091458060317, {31053257/17930, 496668430/163, 195350649639313/35860, 16134419041555723/1630, 59585085616213328759/3260, 122948067583188517651225/3586, 2341439773621713550209712933/35860, 2261610186952279045269899904653/17930, 8854652409038463593092693841540509/35860, 1754516187908436497495071183423008265/3586}, {0, 15274374180951/321484900, 8345243136816362259/1441056064250, 621552697813341274578845997/103352540928010000, 285739272870790948678592691397341/231638882354902412500, 6366301458431348947284730733389425746151/6645256256997440409800000, 34095338756095151648882186395333895102622977877/148936805859955133184642500000, 1779606603018601734510470503138967300059002867590063193/10681747716275982152002560100000000, 501440423883981492576932435741964987566757438512707302365841/11970233534551772499087868912062500000, 104328118682737269663988415296429271227794344135802378746143360131759/3434020596392212494538327833492490000000000}}"
"{1.4560002587464187, 0.2355214746770447, 0.05547036503404981, 1966178/74907, Sqrt[107218788361/311721319]/3, 107218788361/2805491871, 53511895189341558960033/22991737155201818132642, (3246859327987930*Sqrt[2/107218788361])/107218788361, {1966178/74907, 54471458/74907, 1582377980/74907, 47888542550/74907, 1500818238308/74907, 48451166612678/74907, 1604006361662660/74907, 54250915560233510/74907, 1868832664861037828/74907, 65403955180393961798/74907}, {0, 214437576722/5611058649, 12987437311951720/420307570220643, 35674596792894372640022/10494659720839235067, 13979446087818406100197284560/2358370427126713743491307, 74821690365395694302135162594294122/176658453584780746383703333449, 4494596016567202376472777790864263396280/4410984927558390456454688532888081, 9145265010913164903038047031846566464030641918/141605849129407008823564865971306064343, 13781007301699427075429363101148275596204225037671040/74250885385155435669627413907188363532187707, 6950489151297711119570931857607126473817799990983896983658/617990119060648691078308965949528749678398285361}}","{62.526284014340376, 0.18978501621332616, 0.036018352379092476, 4483975/2583, Sqrt[10500558822785/10749011]/3, 10500558822785/96741099, 501059190360070514406512091/220523471181535810070312450, (-1028975482302217297*Sqrt[29/21001117645570])/10500558822785, {4483975/2583, 233866062665/74907, 433901235897779/74907, 827137333002320009/74907, 1614042512610742306955/74907, 3213274158390690677986865/74907, 6506983004316359766892421219/74907, 13368087380222033632487583349049/74907, 27798654855704936771766209498559995/74907, 58396928814605753205014962602773188865/74907}, {0, 21001117645570/193484781, -2057950964604434594/499771189323, 11518602077243000331184186/430302994007103, -13942973294583733085349607789570/3334417900561041147, 70313840785477096212323500268787658070/8612801437149169282701, -17131686724728117268936409235465452188553438/7415622037385434752405561, 22656991210777477425345872889322828761253532998114/8209093595385676270912956027, -160902093689840131438502096021848597057232382716747400530/148428621298168412654377157924187, 42612740230999327103617642855027992957013666361630620043423830/42599014312574334431806244324241669}}"
"{1.473050252556546, 0.23365977929186732, 0.05459689245872415, 653710/24229, 2*Sqrt[8749101889/880554547], 34996407556/880554547, 2818744010390463123669/1224748541825653893136, (1859243042340081*Sqrt[3/17498203778])/69992815112, {653710/24229, 55801028/72687, 555918414/24229, 52082450348/72687, 563254700230/24229, 56639945640788/72687, 650577878396174/24229, 68845478545237628/72687, 825722804725377750/24229, 90657126483653630948/72687}, {0, 69992815112/1761133323, 1239495361560054/14223499760989, 3758325347187284164892/1033863527127007443, 163566765027513900651534430/8349826466253421112149, 298135451763522164111450725400012/606923836352562420378774363, 19073415108165585687330352136968862174/4901719210328744961119108013709, 29109816625197713510322212062324012953291692/356291264241165484988864604192466083, 2267111565201081830926601584682858471435290467390/2877527013766399511931733498326420241669, 3196842180124479889166620868210917119867634815238251212/209158806049638281323781912792852508106194603}}","{53.246926238931295, 0.17243249020871962, 0.02973296367958019, 43390218/24229, 2*Sqrt[20991678070511/880554547], 83966712282044/880554547, 4005144346629186019606999323/1762602192863889679551204484, (26215283541698688267*Sqrt[3/41983356141022])/20991678070511, {43390218/24229, 240045667540/72687, 151807457883240/24229, 887614379499717760/72687, 591232203880219538648/24229, 3625920738070365931690600/72687, 2521812737117080707128065360/24229, 16074198360933206099661061216000/72687, 11567357423742981621145332598773288/24229, 75968956918511243782353721378890871960/72687}, {0, 167933424564088/1761133323, 139814845555726337424/14223499760989, 21360769848688992104570663056/1033863527127007443, 44113341252523503219647799091599960/8349826466253421112149, 3583092512572088174656984554669537533052328/606923836352562420378774363, 10977868824113331034219444975376165203339677910944/4901719210328744961119108013709, 683486993407694317108508373062572208305719363837502128256/356291264241165484988864604192466083, 2579963219950049684402562211328217446674535920929109927551772200/2877527013766399511931733498326420241669, 140327977101932520716183476727888102802088494566054187860775133111615768/209158806049638281323781912792852508106194603}}"
"{1.3734112556935592, 0.22098117226666472, 0.04883267849634935, 2259184/80327, Sqrt[124617303935/3226173301], 124617303935/3226173301, 83295793628073196462817/31058944880056332968450, -425290833211557/(24923460787*Sqrt[249234607870]), {2259184/80327, 66641938/80327, 2048163406/80327, 65232958990/80327, 164922373078/6179, 72473333321638/80327, 2512624510182406/80327, 89127834982969390/80327, 3227467394083407694/80327, 119056121932987139638/80327}, {0, 249234607870/6452426929, -4252908332115570/518304097925783, 166591587256146392925634/41633813274084371041, 7771050636374746019674638270/3344319318867375272610407, 150733548669358302862251042065644810/268639137926659653522976163089, 20201969092350807425522105997618447985350/21578976032234789988540106252450103, 155932105450371929957857325374296931839569392354/1733374407741323975409461114940559423681, 33698006424751075548525340534473794407360755491682030/139236766050637330972715782979830316826023687, 173936769184426389186057848485854255623951726701219181294650/11184471706549544885045340699420829859684004705649}}","{49.08620493216303, 0.1615993364889011, 0.026114345553653082, 150987800/80327, 3*Sqrt[33073864985714/3226173301], 297664784871426/3226173301, 72256706634762576659905390045/29534774717517440294450424492, -33259406895754486583/(42523540695918*Sqrt[16536932492857]), {150987800/80327, 291217714076/80327, 574820188974932/80327, 1158256074685480580/80327, 2377120387841050380260/80327, 4958909883135002849728196/80327, 10495866728739162296265564452/80327, 1731008374141893328216279549940/6179, 48801371057533538902645468546279460/80327, 106912898211076289337178318120215229316/80327}, {0, 595329569742852/6452426929, -2793790179243376872972/518304097925783, 867080479617150919918864680540/41633813274084371041, -12052849759740877631775282237720209340/3344319318867375272610407, 1706313331929567596305650450968053299343247772/268639137926659653522976163089, -41001447757649757235274127657178587467604893173758972/21578976032234789988540106252450103, 3882903695531479020959097687961181459746847619335545921262460/1733374407741323975409461114940559423681, -127051372319434896349401268731230007649874077191867198677045720719740/139236766050637330972715782979830316826023687, 9640754619050045698412851242270779754116622572221826402272975877001436528092/11184471706549544885045340699420829859684004705649}}"
"{1.1023267611836172, 0.20035436795647413, 0.04014187275923823, 2088117/76040, Sqrt[175025600671/1445501390]/2, 175025600671/5782005560, 110380076530298013278077/30633960890244355650241, -50714289912133134/(175025600671*Sqrt[175025600671]), {2088117/76040, 59643059/76040, 351097893/15208, 52942798523/76040, 1629628731177/76040, 51046339368779/76040, 324677928618213/15208, 52317189083199803/76040, 1705928073705067977/76040, 56211204493332921899/76040}, {0, 175025600671/5782081600, -25357144956066567/219834742432000, 110380076530298013278077/33432467629058560000, -23169932574358351593604286343/635551209628403225600000, 27792367875658969010658423159786911/38661851184115025019699200000, -82631055682027046680501455448249284227541/7349617910100266256244817920000000, 232765242621616242080088449065888610786866480633/1117729891768048492249711909273600000000, -38898978921490256186136006673147914946903910041441863/10624022621255300918833511697645568000000000, 439853588091524222018547141096010071869032976651540713387159/6462805440962024654944801835911751925760000000000}}","{40.40500170874593, 0.15075978607539597, 0.022728513097499157, 135178061/76040, Sqrt[415315116634079/1445501390]/2, 415315116634079/5782005560, 602403834351205545737202010877/172486646104778643278384178241, -7255825281403813733838/(415315116634079*Sqrt[415315116634079]), {135178061/76040, 49154190669/15208, 455076936802031/76040, 855461145095994357/76040, 1628740517350457681591/76040, 627026743234318995332433/15208, 6092482427062529926513220951/76040, 11938805646117060772854921187557/76040, 23568356793665017476155709619195991/76040, 9366150740669524575018821869965016497/15208}, {0, 415315116634079/5782081600, -3627912640701906866919/219834742432000, 602403834351205545737202010877/33432467629058560000, -6026482083045515842758525816842924199/635551209628403225600000, 277409938220053374747893391283780309681996639/38661851184115025019699200000, -34439445738947852298722910751606348241856537099630837/7349617910100266256244817920000000, 3733078139194695627149586521786758415934102948453894692163833/1117729891768048492249711909273600000000, -24620543015056797140756793543241640666348989270024671272362544925159/10624022621255300918833511697645568000000000, 10640277892632545244233763365167739814617200214669361719092744626410906405591/6462805440962024654944801835911751925760000000000}}"
"{2.0329510665892796, 0.2628720540288963, 0.06910171678937098, 2309681/78508, Sqrt[33511558345/15564211]/6, 33511558345/560311596, 91968243377701998732817/27177193933590207164405, 37114751504104206/(73725428359*Sqrt[368627141795]), {2309681/78508, 72645507/78508, 2443591679/78508, 87689250783/78508, 3338069799071/78508, 133711942295367/78508, 5585554965034439/78508, 241246152328474143/78508, 10694273489639446991/78508, 483690735032143700727/78508}, {0, 368627141795/6163506064, 92786878760260515/241942267036256, 459841216888509993664085/37988807000964772096, 112534426021997773562697457935/745606315007935581928192, 850218606205905968082695482703709335/234144242314572026664073990144, 522021616805997841460219884382940384642225/9191098087816210334671560409112576, 1817407098179134453652173640832006194103607460585/1443149457356550081908789729197220233216, 308911783461765846113633078134374490016944300540454055/14162347199768504228811908007476920758665216, 4171640124647332208152039360736934608435584618107844752617675/8894860431675405839964522190807984759370310221824}}","{88.79511999482376, 0.21401544467376726, 0.045802610558910335, 38049836/19627, Sqrt[265246871120438/171206321]/3, 265246871120438/1540856889, 45088895582117008972744191446/17588975659795561578375327961, (818272780775647316826*Sqrt[2/132623435560219])/132623435560219, {38049836/19627, 154287638193/39254, 163716582098555/19627, 726301168701746121/39254, 838878093633783207881/19627, 4015491964571777048079333/39254, 4950483974329589615879551535/19627, 25012468242488615901762222989841/39254, 32213571042879456091641746461017701/19627, 168527528943986418214110417011684042973/39254}, {0, 132623435560219/770438258, 409136390387823658413/7560695844883, 22544447791058504486372095723/296787554695037282, 130301392622994648101802693437654175/2912524667999748366907, 5301355660418128170805161451560393958724359/114328243317662122394567378, 38847171108234617689699923488489077323465908193153/1121960215797877238119086964003, 1447913411353008971254296469166098217825057934342559562323/44041426310929873105126639684973762, 11787534668542894628120182531476448759009469690244307544790391635/432200537102310309717160278548490013387, 428078811176011277159061101766236494167559300996581599923321955924095999/16965599883414088897637409574142426985493298}}"
"{1.0554557212662266, 0.19550186682280177, 0.03822097993120052, 538843/19513, Sqrt[44389549294/1523009163], 44389549294/1523009163, 1459442523280540097230/492608021631113974609, (135927623400198*Sqrt[2/22194774647])/22194774647, {538843/19513, 30897265/39026, 916391075/39026, 2156587231/3002, 882767261231/39026, 28561578652315/39026, 948403102990295/39026, 32288542153466683/39026, 1125987833831415791/39026, 40177737891185157115/39026}, {0, 22194774647/761514338, 67963811700099/7429714638697, 729721261640270048615/289952043489789122, 20682753391502202447095085/2828917112308127568793, 38736189191887766860147404972587/110401319224936986499715618, 2402436880805932587564330469464811839/1077130471018097708784475427017, 2598204669795388229158532073855523593718655/42036093761952281183022938014765442, 230792933085927710413660469806665950397230985345/410125148788487431362163294741059034873, 195177770067456778017730063143239094945352245528498227/16005544056619510496339784740564569894953698}}","{26.469008647953288, 0.12129739909210265, 0.014713059026508823, 140416691/78052, Sqrt[290091418675915/1523009163]/2, 290091418675915/6092036652, 239969652067874756349696754117/84153031189405006051801087225, -1069027071426064404942/(290091418675915*Sqrt[290091418675915]), {140416691/78052, 256328326373/78052, 474335525997131/78052, 888980394412285685/78052, 1686043143778827487211/78052, 248754617510495058360761/6004, 6268613013153287856095991131/78052, 12274857764495318463890049956885/78052, 24269057685782967311283763693764491/78052, 48428615850938207257117930193356915013/78052}, {0, 290091418675915/6092114704, -534513535713032202471/237750868438304, 239969652067874756349696754117/37113861566693007616, -271002927229572722828314135464365835/724202780750880657611008, 254466897601830797820740484520005443274740335/226101901772670948351417585664, -509355582641001000620906230184568784201328714115021/8823852818580256430362422698123264, 297401173008652073679930443405368409033939922665672285259337/1377438720391652349805295632867834003456, -116829750742316774560781416066518392624715297544166645068877129235/13438980875501156150875366842075022454718464, 366060486801664811521709514125588744230965276140201774412840054998899475155/8391514682356929919104993062061117221085484417024}}"
"{1.3679332724635476, 0.22486682670864777, 0.05056508975401703, 2086267/77118, Sqrt[220082204693/5947108806], 220082204693/5947108806, 111114294125831524631049/48436176822531551224249, -501632418937540/(16929400361*Sqrt[220082204693]), {2086267/77118, 19764483/25706, 1757373589/77118, 17987065207/25706, 1706717811757/77118, 18443959329863/25706, 1831242511575709/77118, 20553852722094087/25706, 2106669042326302957/77118, 24289119116415428743/25706}, {0, 220082204693/5947185924, -1630305361547005/114658771021758, 37038098041943841543683/11789673471541244592, -2226849045464307905056842985/340948514541869137667196, 80363111310346716184831362572544733/210346140355518913268950569024, -2417806223478070972257764989999652815765/1351789470994742296122910831832736, 71420647230809123579268114047811602282469693329/1250967605090070436708879650351323218176, -2511279784357713514659508427375037826952496036161665/6029507485583503246132211304737083996206048, 8000409605399863013304492893436286357801309068959112123197/826637436930184183707064660264381233101187572736}}","{52.38531576174725, 0.17264767168128192, 0.029807218536967717, 22588772/12853, 4*Sqrt[5703380305259/991184801], 91254084884144/991184801, 4574788330672427587950579/2205325213994321628681836, (-3181867692218005533*Sqrt[3/11406760610518])/5703380305259, {22588772/12853, 122647234408/38559, 75906166363184/12853, 432155660770606192/38559, 278494200483705427012/12853, 1640707437171917739603508/38559, 1088262520381130939948402064/12853, 6569324826485507517821713355752/38559, 4448109400356804355017910141025372/12853, 27326421232893081844875989293155470908/38559}, {0, 45627042442072/495598827, -16969961025162696176/2123310574477, 1439533394718257214341782192/81872732441258643, -1394925287988270653574819344862780/350770076689165779493, 61133179003319852559935504338914775445092/13525343387057543291470587, -93090548786366889608537977062178641126815424256/57947079517950201308423818237, 3038733358112777357624225098817933138207497562150206792/2234381439132641812251514007400483, -5869407986577061373517180070685257563731952066141090455499140/9572834879057281737622903179039469333, 165650123701860363595760858760794685847064350747463233193374780936012/369118940101569726521001523680582898011147}}"
"{0.9580714626642596, 0.19170145561919166, 0.03674944808651691, 942209/36141, Sqrt[65248315642/2612307621], 65248315642/2612307621, 2992995324196257522759/1064335673529515468041, -641433000375893/(32624157821*Sqrt[32624157821]), {942209/36141, 25466422/36141, 710494763/36141, 20388430618/36141, 599969666939/36141, 18057647542762/36141, 554603940700763/36141, 17346818942444938/36141, 551575131966394619/36141, 17801815884882564202/36141}, {0, 32624157821/1306171881, -641433000375893/47206357951221, 997665108065419174253/568694994238359387, -260418809214404983573763785/61659617360305639816701, 447042989545863993578209680472351/2228440231018806128615390841, -26782630122710167623275266766234049851/26846019463083557431429613461527, 12201658072112107034830873880684267906763257/415817995463701221055413282905591703, -22765284788008532048464116242122814746825164398825/105196547218375380811145840202436928166861, 2071683310100746118142605295812219462656524774300365159/422434268113256070877291312306252557875391489}}","{34.09466648070297, 0.14173383511661214, 0.020088480016862996, 122678803/72282, Sqrt[302329223519837/5224615242], 302329223519837/5224615242, 285576577618322508428524605657/91402959394107561863532506569, -3009217098963552809596/(302329223519837*Sqrt[302329223519837]), {122678803/72282, 212396141903/72282, 53443683149023/10326, 668910340608236963/72282, 1211971964452711120273/72282, 2221878633210574638872483/72282, 4116201400988973085564917361/72282, 7697288557534604508861210226643/72282, 2073568148754126468869707914136519/10326, 27577304759435958841255129469217824963/72282}, {0, 302329223519837/5224687524, -752304274740888202399/94412715902442, 95192192539440836142841535219/9099119907813750192, -1001906081440556231039995416957068275/246638469441222559266804, 446560755200458023091664222885698729607027317/142620174785203592231385013824, -1451859484667345745592081861009917524615744069045383/859072622818673837805747630768864, 120153635171185528516328753334561968585225359119436907252231/106449406838707512590185800423831475968, -2273730950412908016650107095838582181166506339688904885159614109915/3366289510988012185956666886477981701339552, 187555892308742250800385808736516021965882177895011110569266626568665589733/432572690547974216578346303801602619264400884736}}"
"{0.9187249096973265, 0.1838550810535182, 0.03380269082919574, 2110154/77639, Sqrt[75256494842/3013868341], 75256494842/3013868341, 14201413635026577172441/5663540015903972604964, -131663989789137/(37628247421*Sqrt[37628247421]), {2110154/77639, 59290600/77639, 1716667256/77639, 51060705292/77639, 1555769658464/77639, 48429093970060/77639, 1536402098859296/77639, 49564375720496572/77639, 1622652928292558144/77639, 53813897484768920620/77639}, {0, 150512989684/6027814321, -1053311918313096/467993476068119, 56805654540106308689764/36334545488452691041, -4425857874917298300085588680/2820977777177978479732199, 29385569507422245223603423725107524/219017893642321071187928198161, -5243023437967842035333915784421890668856/17004330244496165645959557377021879, 17920834853738426699077787252706175295613555364/1320199195852437804586654075194601663681, -5114803264379773915263094298291861033323608953560680/102498945366787418710303235744033678566529159, 12114134774258168195365107917844545019116622177877669752964/7957915619332008401249232919931030770226757375601}}","{17.982378171650133, 0.09925231911104208, 0.00985102284892013, 141724761/77639, Sqrt[98932094461966/3013868341], 98932094461966/3013868341, 26513042862726024968018741201/9787559314631363687020585156, -24531718520343095241/(49466047230983*Sqrt[49466047230983]), {141724761/77639, 261257513227/77639, 486179707714629/77639, 913013117859627355/77639, 1729645492766383542021/77639, 3304349763297492905083387/77639, 6363765087211719031771238469/77639, 12350751377664899856474399367195/77639, 24147773923111016120106601591616901/77639, 47546673255967146454050596770455922747/77639}, {0, 197864188923932/6027814321, -196253748162744761928/467993476068119, 106052171450904099872074964804/36334545488452691041, -351699621150549947458481536461037200/2820977777177978479732199, 78606529806814861388728196663742847083018572/219017893642321071187928198161, -502092854402403246303669778061314694743056283844088/17004330244496165645959557377021879, 67251960855634773690919109156980937246131797101634024764564/1320199195852437804586654075194601663681, -651366832570383358328674672074390241233672332548369894343352398880/102498945366787418710303235744033678566529159, 62375095554121904202998103203566221542246352322815578053619129618094698012/7957915619332008401249232919931030770226757375601}}"
"{2.109706091652607, 0.2682892260794455, 0.07197910883030782, 597777/20395, 2*Sqrt[25720508126/1663803705], 102882032504/1663803705, 473492742696380376818/165386134564908007969, (799195858891209*Sqrt[2/12860254063])/12860254063, {597777/20395, 18781949/20395, 632110599/20395, 22676363807/20395, 860287429377/20395, 34198835358689/20395, 1411922824885179/20395, 60076575987865427/20395, 2618277269648662917/20395, 116328175819221156629/20395}, {0, 25720508126/415956025, 3196783435564836/8483423129875, 1893970970785521507272/173019414733800625, 491060151571872312741816228/3528730963495863746875, 43217724180091056759125345073976/14393693600099628223503125, 74143430945858510444576745699495640908/1467796904870159588091731171875, 30880234938305744739071716132415844021255968/29935717874826904799130857250390625, 11998456745840050176281202007372046898464025015156/610538966057094723378273833621716796875, 5033022525062898465345208953104555873209403395944137384/12451942212734446883299894836714914072265625}}","{85.14133199229823, 0.21005083251552498, 0.04412135224046512, 157425589/81580, Sqrt[364479317999633/554601235]/2, 364479317999633/2218404940, 865202121741075154059200404199/398535519748432788541764404067, 7587555569225938015666/(364479317999633*Sqrt[1093437953998899]), {157425589/81580, 317188698529/81580, 133446120468809/16316, 292374648523288181/16316, 3322226594754954875629/81580, 7792191171620357454255769/81580, 3753230926294470114509973353/16316, 9237544176542390431767653877557/16316, 115703927550878744005785628140863149/81580, 294023499356957257572899130113857490809/81580}, {0, 1093437953998899/6655296400, 11381333353838907023499/271469540156000, 2595606365223225462177601212597/44292970171852960000, 29536833306986261317907349442956792999/903355126654941119200000, 1773670561842187526704929666807812982577759899/58956568986008077203468800000, 257425829745291195981140585110085764276131951929378697/12024192244696347345647461760000000, 34800496443177493844670532576724965338332269562805364475085993/1961867206644656032915839860761600000000, 273118381867924317120515133015732866332492205517121477404479676599199/20006140839758879895659276980116416000000000, 144048429058834964140660936575889040807106427829969167637013203131933100446491/13056807757660235375103070528303177738240000000000}}"
"{1.0753733271838835, 0.20921756509160014, 0.04377198954285794, 43239/1760, Sqrt[3191580841/7550290]/4, 3191580841/120804640, 25278401638218906957/10186188264638267281, (460674120162*Sqrt[39/3191580841])/3191580841, {43239/1760, 43242281/68640, 76774007/4576, 6341137813/13728, 299593585867/22880, 26142636178001/68640, 51861359517527/4576, 4724264335325893/13728, 243432005431864987/22880, 22944803365346386721/68640}, {0, 3191580841/120806400, 76779020027/35436544000, 648164144569715563/374209904640000, 54212120649370145387/54884119347200000, 36217170713898740604445001/231830520122572800000, 73055518141782281632157329041/340018096179773440000000, 59526262462769738117691699373569967/3590591095658407526400000000, 10441588953078719478851963737926712907/263310013681616551936000000000, 21702459591587059376336545210568110162771249/11122214977911483153776640000000000}}","{32.25079367962447, 0.14208708484574253, 0.020188739679961237, 109649959/68640, Sqrt[242727972471599/294461310]/4, 242727972471599/4711380960, 135386476271040808921888519197/58916868620173321956861616801, 416936608828177205198/(242727972471599*Sqrt[242727972471599]), {109649959/68640, 59566052259/22880, 296850501505801/68640, 33474881821224539/4576, 863827592571544997809/68640, 503173020891239716643399/22880, 2675946221064904515160649761/68640, 320395088765283113073461232459/4576, 8733511353515445064468505437658929/68640, 486048462781139045524213648157212949/2080}, {0, 242727972471599/4711449600, 208468304414088602599/161696950272000, 45128825423680269640629506399/7399252444446720000, 59398195647813389465543251825774999/380913515840117145600000, 20090198634139919441755336585697614590368399/20916722981812512699187200000, 12427462035705993050708707169347774944579606614599/1196436554559675726393507840000000, 85125536330228585859720260528688834788885827842134417467193/492740430629856851157902268825600000000, -5882557056475332407697523885940076373583723736874081042628782601/4227712894804171782934801466523648000000000, 8641617779448106512627763413444876616474700961199574784289842724898069999/257946856088318534382795353477496176640000000000}}"
"{0.7298670365796529, 0.17517335625627684, 0.030685704742088482, 330163/13881, Sqrt[8362317587/481698462], 8362317587/481698462, 355149361637298036075/139856710851699005138, (59616083181535*Sqrt[10/8362317587])/8362317587, {330163/13881, 40469899/69405, 1021139801/69405, 26474387311/69405, 140787914389/13881, 2736832213297/9915, 532570971281921/69405, 15092575825074511/69405, 87037114866096229/13881, 12744784969494975559/69405}, {0, 16724635174/963410805, 47692866545228/2674621076841, 9470649643661280962/12375471722543307, 996175065309300772016860/515351768941870933401, 1722835437443348231787733383374/35767989523410552132696405, 6035516875732014825024807368136644/33099697504964124943597253187, 719176505394436434379442592968290666634/196910100457031579289460059209463, 320754727178349703037629610416845064322002748/19133163731108387464818965573205891321, 45315609332365685019215859461386990917937666370686/147548580973064181332862256178706098570445}}","{17.895799196487577, 0.10655716053788658, 0.011354428461896934, 109389737/69405, Sqrt[67933217066083/2408492310], 67933217066083/2408492310, 19713926370206098957978960941/9229843961895101124777925778, 166175994111853597523/(67933217066083*Sqrt[135866434132166]), {109389737/69405, 58122522369/23135, 56212350959077/13881, 30534420564242053/4627, 754323205376125237217/69405, 418339962873028496642449/23135, 421679864832629409489156421/13881, 238312678701721941303099502773/4627, 6113234747957990559624134497396817/69405, 3513098262746355320715029811123636929/23135}, {0, 135866434132166/4817054025, 332351988223707195046/334327634605125, 13142617580137399305319307294/7734669826589566875, 250674787585039754338321959172857278/1610474277943346666878125, 3149688221176681661142346187039806738365746/22354993452131595082935253125, 56248241082316734009659147898357205415473845916426/2585913867575322261218535405234375, 1074339420057646879003313717783969499308855976316267738214/76918007991027960659945335628696484375, 111114374566699502805485356368399418341417016078825451784331824286/37369460412321069267224542135167756486328125, 446661911253091071604457785511932766986963555713934950856169806649170826/288180822213015979165746594099035348770400390625}}"
"{0.8878430992412305, 0.18298320265146886, 0.03348285245258852, 675398/25471, Sqrt[11455065305/486572513], 11455065305/486572513, 1511250739041875343693/524874084567258972100, (54710063085279*Sqrt[3/11455065305])/22910130610, {675398/25471, 55526192/76413, 522696964/25471, 45523371284/76413, 451923759468/25471, 41348933231732/76413, 429823864410524/25471, 41062853227040324/76413, 444555043243920748/25471, 44126951525012473172/76413}, {0, 45820261220/1946315523, 72946750780372/16524867562111, 2015000985389167124924/1262714705023587843, 20246352942055268795033940/10720868750551935316351, 136712752190190905038902568604300/819213743835925033328328963, 3307149235740875545153277768764912772/6955397756414948841301955672191, 11555826207479658527251277907783239500836284/531482808760935485810406338779130883, 448838969872720250527236928921121742163715537140/4512466207316595919692286618347747573631, 1097512743502610555381406565914852030104830950950406380/344811080299683044011446697367806435343865603}}","{27.764140604446894, 0.12672688214650565, 0.016059702658574333, 132103397/76413, Sqrt[140129570849515/2919435078], 140129570849515/2919435078, 110596682937210281797553042583/39272593252938488077551470450, (-2389463451951198433*Sqrt[2/140129570849515])/2155839551531, {132103397/76413, 77349694601/25471, 413743346960267/76413, 249370800085505597/25471, 1370621625482967391067/76413, 847457202983545346350901/25471, 4770969104759533672675633667/76413, 3017092733413000845320577863357/25471, 17347976935459158858927991718786507/76413, 11189481420055705587643143607598661701/25471}, {0, 280259141699030/5838946569, -621260497507311592580/446171424176997, 73731121958140187865035361722/11364432345212290587, -1546470107266087700876613246248051980/2605171106384120281873293, 232810889882591765048885915138872122806677750/199068939752129783098783938009, -927186450677751698691381339632759079295789299825260/5070484964426497705309125685027239, 276165579871580106291181118681271186644912005756348036138046/1162352902760165907467358662909959241121, -4537834723161763511897260441550809497074619197340693504569953403900/88818872358612557487303277508938715491778973, 38877736456712592274452607881702981691261833755712778181894308208568798230/754101832615406817253033927143392674097034073761}}"
"{1.4129952728267188, 0.24187317248841322, 0.0585026315696097, 1712594/70907, (3*Sqrt[9532473537/20775751])/11, 85792261833/2513865871, 3849572185098289471409/1635624931204895226642, (50471651628296*Sqrt[2/9532473537])/28597420611, {1712594/70907, 43783586/70907, 1174744148/70907, 32828645990/70907, 949050839924/70907, 28217951221406/70907, 19972113216596/1649, 26653298652678950/70907, 841051885246078244/70907, 626102515312531082/1649}, {0, 171584523666/5027802649, 1816979458618656/356506402432643, 69292299331769210485362/25278799477291417201, -6817885495735025434824606240/1792443834536302519471307, 47105928804207639439609077105023346/127096814975465602748151965449, -17307003047964781056435636361600035703824/9012053859465339494063211414092243, 45554013505182395890134117165572721508287413682/639017703013108827505540131739038674401, -30794992378795645463291485575794256518613409644920640/45310828267550507631935334121220015285751707, 54690982861528444885462119476383790672166834005948207747826/3212854899967203844657638736533347623866796288249}}","{54.12507858043498, 0.18470363707743084, 0.034115433549631285, 112495916/70907, (2*Sqrt[53967002363669/20775751])/11, 215868009454676/2513865871, 72477540099935804152870284811/46598997505924086926898264976, 220519562173124268129/(431736018909352*Sqrt[107934004727338]), {112495916/70907, 184566645544/70907, 312227792481650/70907, 542566272471471748/70907, 22431382596842974862/1649, 1747327486264430713556884/70907, 3214186397399393130887725610/70907, 5985741015936662870126029131508/70907, 11257895094977250331976050941258266/70907, 21342627235790436966986357834288597524/70907}, {0, 431736018909352/5027802649, 441039124346248536258/356506402432643, 289910160399743216611481139244/25278799477291417201, 205193878640478501867377622965449770/1792443834536302519471307, 225521833673942409084764600841853616063573452/127096814975465602748151965449, 55396475766711258159862358645563228858003197011178/9012053859465339494063211414092243, 190723058951210886092993091144584170024122566388550278229084/639017703013108827505540131739038674401, -35688428109885641934767502939272386668041793580517095018876940790/45310828267550507631935334121220015285751707, 170853885894886511996596196007135194030581351383392481123103346651627153452/3212854899967203844657638736533347623866796288249}}"
"{0.885935457085968, 0.1800237809284837, 0.03240856169978669, 678327/24814, Sqrt[44735612307/1847178974], 44735612307/1847178974, 552428387713939614561/222363889831356651361, -102826960634832/(14911870769*Sqrt[14911870769]), {678327/24814, 19144007/24814, 556017915/24814, 16569252783/24814, 505201341147/24814, 827384077573/1306, 498058301298795/24814, 16032958262161583/24814, 523423497892709307/24814, 17301667851580298367/24814}, {0, 14911870769/615734596, -12853370079354/1909854783143, 552428387713939614561/379129092711283216, -625927986645735802608465/293990915829305678807, 29082830633190110293943921701009/233442898732428515645340736, -140795407496351513343424159144090287/362040755571655074201467813944, 1868602313755440297865653105866789145369281/143738868940080784179763557363302656, -3519821289085432483929256208023921725377014905/55730254591861946541197701756453001656, 136361221351119169091482826141954459993352773155659249/88504994396317589854289905368615986117886976}}","{21.139831597458578, 0.10779407166842064, 0.011619561886856606, 67717327/37221, 2*Sqrt[26641184947699/2770768461], 106564739790796/2770768461, 295856062192937287375229346/101393247916786252766484943, 195394771837625384639/(53282369895398*Sqrt[53282369895398]), {67717327/37221, 124631760187/37221, 232096284366460/37221, 437405232375625813/37221, 834268296194565193612/37221, 1610349633130762159972897/37221, 3145333121517555364209379600/37221, 6214922733469336410337892745013/37221, 12418550000411937055822812470037892/37221, 25082622295698231368082121781679797257/37221}, {0, 53282369895398/1385402841, 195394771837625384639/51566079144861, 2761323247134081348835473896/639780343950290427, 60191191352579441824231974092579035/71439792546521279950101, 1856349322252686172941219200382515010370048/2659060518374068561022709321, 5543165340880475173635610928476281891490354758833/32990963851467068636608754545647, 478766617491878518786867595158791852187536035736489520448/3683869996546367285169643358830580961, 4558214039101431658872096897263567026857494358653953920533855675/137117325141452336721299295459033053949381, 14580004450139958860590625284255950206816042099493888765077112969315872/567071551009999713900386786253407700116656689}}"
"{0.7684096845715276, 0.1641756103163642, 0.026953631022750675, 726199/25473, Sqrt[7107107642/324432619], 7107107642/324432619, 40611053683251750591/12627744758743700041, 180763969733773/(14214215284*Sqrt[3553553821]), {726199/25473, 63782735/76419, 638491717/25473, 58950019043/76419, 619206419789/25473, 59885585270435/76419, 219241376160559/8491, 66374606203714643/76419, 758848690938319789/25473, 79500039962153364035/76419}, {0, 14214215284/648873729, 361527939467546/16528760498817, 72197428770225334384/46781901798485049, 40537545192896222388949610/10725078460615286878593, 41714690637971895282843749460664/273199923627253202658399489, 458330537979254842997404547423671634/773246850506335647924156687033, 445693857558309711799686832595424861941968/25324607600932998805164055657017783, 406469838009716787446828683286433010796578001210/4515656105929963949947607928258497904513, 1045780481736631136170264697453280100001212482868408/473363407351250912333396776775838342064443}}","{16.050129688873465, 0.09274549852602525, 0.008601727496840952, 142591690/76419, Sqrt[87445695007579/324432619]/3, 87445695007579/2919893571, 42830676458026409811067352823/15293499150717053689734882482, (-396319262083402865386*Sqrt[2/87445695007579])/87445695007579, {142591690/76419, 268353177182/76419, 508994555863156/76419, 972319368522073034/76419, 267065242255937132380/10917, 3615610120922607835180082/76419, 7030472482463523314575319836/76419, 13738145536546974747317576690954/76419, 26967542554164504397013403037733140/76419, 53158896797658612989038331642291270882/76419}, {0, 174891390015158/5839863561, -1585277048333611461544/446276533468059, 28553784305350939874044901882/11368002137031866907, -1560913823585723325178961288822222840/2606194065929514711498099, 61977596878363275482858317717875411810972718/199162744324267584737973227481, -505030685193364693817063373631538322953044971155608/5073272586172068186030392023623513, 7704621363686045609314342643399312051014194085459956352898/166154750469721405160681369165693674263, -1516913566186321300801131054666283317066537831721891483291051136920/88881659133019480426818766851912014254529379, 5724973437627823809029547601776910659324488304699530032174463124921478142/754694167698468408304118149339584913035208957089}}"
"{0.9624582457216855, 0.19869129217761017, 0.03947822958720845, 1719362/70525, Sqrt[58352056003/11052678]/15, 58352056003/2486852550, 16184728692694345333321/6809924879554496672018, 3216229084573653/(58352056003*Sqrt[116704112006]), {1719362/70525, 43571922/70525, 1144239398/70525, 6206686482/14105, 866341918742/70525, 24816866226522/70525, 727468133113478/70525, 870839784189834/2821, 663891542214204662/70525, 20595732899292935322/70525}, {0, 116704112006/4973775625, 6432458169147306/350775525953125, 32369457385388690666642/24738443967844140625, 5931996701845048811823574578/1744678760832208017578125, 2770033495467595385186048767497466/24608693921538294087939453125, 5105853243977284074157637066870690087298/8677640694082440952759649658203125, 1166852865181705029057283223279483189416009454/87427229992880592599053470306396484375, 4555021747913399284328984028661249702591312736554866/43160637766735326551337721953510284423828125, 6009420042615560156525427194458097538720938598521087291234/3043903978499008905033092840771312808990478515625}}","{33.863453343101035, 0.14528677278166258, 0.02110824634531045, 113141566/70525, (4*Sqrt[4221923823571/5526339])/15, 67550781177136/1243426275, 42675280722021530103595725673/18252432150565245271236649984, -348768367807735775229/(1080812498834176*Sqrt[4221923823571]), {113141566/70525, 185341610516/70525, 309491814428686/70525, 525903912983602484/70525, 907896540861076270606/70525, 227136728551929970611788/10075, 2820724556799828754338759166/70525, 5063238800806759087149549786164/70525, 9185614813172820206688579063774766/70525, 16825431884055583058405479158307538516/70525}, {0, 270203124708544/4973775625, -697536735615471550458/350775525953125, 170701122888086120414382902692/24738443967844140625, -802797586109944462853824691023709946/1744678760832208017578125, 26108574094967294957034695629869831510080684/24608693921538294087939453125, -968339270427063688803308730080518287262069399513314/8677640694082440952759649658203125, 15812725372687471318397850797819837845607642733992593313404/87427229992880592599053470306396484375, -1174469642819625466895745792905418877956950299753096055147789973162/43160637766735326551337721953510284423828125, 101117524031552391555013514959117402260826172601197495319901549858904353516/3043903978499008905033092840771312808990478515625}}"
"{0.7386560716770086, 0.16883761237396913, 0.028506139352142655, 967742/37347, 7*Sqrt[1089646642/2789559471], 53392685458/2789559471, 1932807426460743938775/712694715104231167441, 720774913125733/(186874399103*Sqrt[544823321]), {967742/37347, 25791119/37347, 705865775/37347, 19807668437/37347, 568991551967/37347, 16704350291009/37347, 500369249163755/37347, 258778885196383/633, 473815549995187847/37347, 14931810021042530249/37347}, {0, 26696342729/1394798409, 720774913125733/52091536180923, 644269142153581312925/648487533916310427, 111024646408369919376240605/72657191787517336551507, 202617915226755253913893593786619/2713528141688409968189131929, 5296343144605879573441790815456218091/33780711835879015693986503384121, 25622271814308427209194717261494349640105815/3784824734803720797369941825660300961, 2369248283144587106659110531775106938025548791925/141351849370714560619375217362935259990467, 402165130173589316392844897421359140891350332146605851/586563057605341855050200693650393683873774561}}","{18.86953989267061, 0.10529266356400956, 0.011086545000403706, 127130807/74694, Sqrt[179181025321421/5579118942], 179181025321421/5579118942, 74894511456559141977662992761/32105839835235713576361459241, 98240390798328033460/(179181025321421*Sqrt[179181025321421]), {127130807/74694, 218778256805/74694, 380548793175479/74694, 668819602103520749/74694, 1187184457382201827967/74694, 2127347251812530876902325/74694, 3846416331260280055240145399/74694, 118876801022484931560173483431/1266, 12891060187128961944046204568418287/74694, 23869593165939805741648857275940935045/74694}, {0, 179181025321421/5579193636, 24560097699582008365/104183072361846, 24964837152186380659220997587/10375800542660966832, -5968651043350436066262526177990655/290628767150069346206028, 39322282827761061140265997599270702455077381/173665801068058237964104443456, -8600979915182176755905544616711056129741073364075/1080982778748128502207568108291872, 23412916619487997316872775861875842830422273319099368816241/968915132109752524126705107369037046016, -7399625325832780430448423060644609184757677748752067023782516375/4523259179862865939820006955613928319694944, 1689380769916650028663597067704851505865869120869122430416252311920259349/600640570987870059571405510298003132286745150464}}"
"{0.9117125171321755, 0.182898261640802, 0.03345177411122727, 1044421/38321, 2*Sqrt[18244614203/2936959761], 72978456812/2936959761, 1746599897977732191977/665731894832618650418, -765495803647569/(18244614203*Sqrt[36489228406]), {1044421/38321, 29417407/38321, 852618661/38321, 25336464079/38321, 769596653761/38321, 23835103775947/38321, 751105399318981/38321, 24041031032552119/38321, 780418402521151561/38321, 25660833568637123587/38321}, {0, 36489228406/1468499041, -1530991607295138/56274351750161, 3493199795955464383954/2156489433417919681, -358886861085305918783968110/82638831578008100095601, 479080002729836248092940219117846/3166802664900848403763525921, -75680375963038011110606078580518760978/121355044921665411680622076818641, 80346171024602119557220108839099016868687194/4650446676443140241013118605767141761, -16088778559963254550176358321836179983013410569270/178209767087977577175863718091602639423281, 15225234931419758879001846048664732748207758630187873086/6829176484578388734956273540988304745339551201}}","{19.375280692920924, 0.10364148485429822, 0.010741557382803728, 69122205/38321, 2*Sqrt[25660597111153/2936959761], 102642388444612/2936959761, 3159310209539935648568703727/1316932488201827378073978818, -72160371196072091211/(25660597111153*Sqrt[51321194222306]), {69122205/38321, 126019686811/38321, 232043412530973/38321, 431205042430018099/38321, 808105847259753687105/38321, 1526253563222783015126911/38321, 2903251422643024242240154653/38321, 5558916584244061562533524453019/38321, 10708130435126810756329410952667385/38321, 20741821991017936435108536641689705111/38321}, {0, 51321194222306/1468499041, -144320742392144182422/56274351750161, 6318620419079871297137407454/2156489433417919681, -39383954482580781354326226012581970/82638831578008100095601, 1010414742653814693401248173678334038936986/3166802664900848403763525921, -9123935798081839747151564465490509526001348148622/121355044921665411680622076818641, 185320608958708145990851208609703121800890212544859214934/4650446676443140241013118605767141761, -2040704124713911321526876960508501636597663708383704250114022570/178209767087977577175863718091602639423281, 36913230992640779374350930811080784772861189240903523687303476633630066/6829176484578388734956273540988304745339551201}}"
"{1.5653571224525338, 0.24150459800133306, 0.05832447085578549, 1959445/73008, Sqrt[223929347255/219021]/156, 223929347255/5330095056, 121206606652339140073101/50144352562050376035025, -2679530634257974/(223929347255*Sqrt[223929347255]), {1959445/73008, 18552095/24336, 127529443/5616, 17131532771/24336, 1647612418735/73008, 18112302944195/24336, 1835466760822399/73008, 21091500789124691/24336, 2219317698411973615/73008, 26332767816613772195/24336}, {0, 223929347255/5330168064, -1339765317128987/194572455008256, 40402202217446380024367/9470230530161836032, -1464710795070574250550243635/518551942909541493768192, 85226253239109142108818009127677955/151433760991759221508112646144, -1229283603295000725555932814848088607499/1842646003747726207310714678280192, 69051292152755205816357041464661579629212478361/807167396649683969660043943391281545216, -959447959819834746550823641755628171863650189205155/7366209661825015907117561027388835381641216, 6842098425829021874866905445492461471526739752580342268695/478037542213796232308301240433425860926988353536}}","{63.247174436339805, 0.1906585175038578, 0.03635067029676885, 42342637/24336, Sqrt[65172184400231/219021]/52, 65172184400231/592232784, 9610265018298750826486540461/4247413619497712909192853361, 65045438778703910330/(65172184400231*Sqrt[65172184400231]), {42342637/24336, 229052156375/73008, 142272848922619/24336, 819314085401156723/73008, 59807368394207620203/2704, 3256990837380420578476595/73008, 171834465455535102077904143/1872, 14025700899677188938893419712963/73008, 9926616664036532742020265653247907/24336, 63997492069405444298993599134889924115/73008}, {0, 65172184400231/592240896, 32522719389351955165/7206387222528, 3203421672766250275495513487/116916426298294272, 2427218248527336035548268073545365/2133958612796467052544, 1688961145216598790689286186291938514096211/207728067204059288762843136, 64674689886408452262013309804615504662149415565/842545040579664475222091759616, 321262927654160159879570776753997150920068739407987864281/123025056645280288014028950372089856, -41139509821383200154149451946977670847786846593707907464635195/374242222314942636138676067031897341952, 7162728858870374088598927925632415235355560067455304689151067154404999/8095607753116839104951840682034003301105664}}"
"{0.8187097130360373, 0.18166354106058286, 0.03300164215067007, 1866987/75257, Sqrt[57515165273/707942599]/2, 57515165273/2831770396, 14086242399661688888507/6615988472761010329058, -5605127179103691/(57515165273*Sqrt[115030330546]), {1866987/75257, 47844995/75257, 1260805023/75257, 4859878133/10751, 936374046927/75257, 26211034476995/75257, 744295807827183/75257, 21398125556598611/75257, 621869953050311247/75257, 2606677914420444485/10751}, {0, 115030330546/5663616049, -11210254358207382/426226752999593, 28172484799323377777014/32076546750490370401, -5671471197097646544535548870/2413984678801653805268057, 9436176304065648741783639286395886/181669244972576060423058165649, -2777807836803673994094531797540019051822/13671882368901156579258088372246793, 543808215166221927765107502720411778648102042/146986407348056334383603708090025271543, -1460018504750298951450647755129045933749325237652790/77432292404548728896948049818117223023580857, 1761036415909985055029754689115477528343444138365164435326/5827322029489123690597619385162047853085624555249}}","{37.26177768906978, 0.14907742754025013, 0.02222407940201853, 126178887/75257, (15*Sqrt[786282988979/707942599])/2, 176913672520275/2831770396, 1046271150083412538711144189/463680704068312676596830750, (-67522014097399709317*Sqrt[2/786282988979])/884568362601375, {126178887/75257, 216258140367/75257, 378209693424201/75257, 673714820029241043/75257, 1220259645898966178217/75257, 320546127747072465323901/10751, 4183185457876999252590968961/75257, 7898146470764461517770709679123/75257, 15088491832895151540064503940908537/75257, 29143594093058051364217233843337458747/75257}, {0, 353827345040550/5663616049, -810264169168796511804/426226752999593, 282493210522521385452008931030/32076546750490370401, 378527614365726340249317914763520020/2413984678801653805268057, 314626544841458804192960834483268520110792390/181669244972576060423058165649, 2543571405164209377782076923060441238620521760495556/13671882368901156579258088372246793, 60405819193980533594955987215790449295036567160951059467610/146986407348056334383603708090025271543, 6686537001780991714102256936272610278171012634690213952984732790260/77432292404548728896948049818117223023580857, 646918027731094859438820252672360372304626005802757844933419187649927649830/5827322029489123690597619385162047853085624555249}}"
"{1.0378864167905464, 0.19942340424483337, 0.039769694160598223, 1943240/74461, Sqrt[25029262391/924061010], 25029262391/924061010, 10669143967960666605439/3758783855025162221286, (838220578702075*Sqrt[2/75087787173])/25029262391, {1943240/74461, 52730386/74461, 1483209620/74461, 43125889714/74461, 1292832954020/74461, 39862957164946/74461, 1261391350271540/74461, 40877760522168754/74461, 1354103876100047300/74461, 45769297274845396306/74461}, {0, 150175574346/5544440521, 10058646944424900/412844585634181, 64014863807763999632634/30740820690906751441, 11282871615085380508783432020/2288992249465607619048301, 44076526673535256423918290952211946/170440651887458608921955540761, 12211252575952924713897443720543865474660/12691181380192055478937731520604821, 39023640416643734245580104781426239402039067034/944998056750480643017182426755755576481, 13877509749757359633044648416626423854431621249087860/70365500303697539159702420678660315980351741, 39438354205602884074873919080950621784729557044140551676746/5239485518113622463370601946153725788212970986601}}","{29.595558192189735, 0.13070455297838685, 0.017083680169279934, 128995324/74461, Sqrt[47377515748913/924061010], 47377515748913/924061010, 203688327875113501812220387/76089118594525401466463782, 211663397397305562181/(47377515748913*Sqrt[284265094493478]), {128995324/74461, 227287556014/74461, 407206488056806/74461, 741526037442336874/74461, 1371821197201894335094/74461, 2576711790790729498680034/74461, 4910477115589027805756489566/74461, 9486901032956662647565448966794/74461, 977097251652970525959330495681346/3919, 36764533447821871625210493625751055154/74461}, {0, 284265094493478/5544440521, 1269980384383833373086/412844585634181, 216317004203370538924578050994/30740820690906751441, 1866306556739510216272060077802873470/2288992249465607619048301, 224720220440818865263188452445560349604383018/170440651887458608921955540761, 2601239247068218359574765230070657490867927321092326/12691181380192055478937731520604821, 261185549545082592750049505226304685924797315411893848758674/944998056750480643017182426755755576481, 3598581906777434900021711035576925003556909720477778977250903389870/70365500303697539159702420678660315980351741, 318891552183855452054790662560523009776327322887205673127195139370957406458/5239485518113622463370601946153725788212970986601}}"
